0.05 0 1.026983284479792 1.989034860286377 20.320203816188606 39.74636349470814 -0.03310290708619726 -0.018551573474858016 P S
0.1 0 2.02239929500091 3.973296909000893 19.415923658604413 39.60091519728537 -0.06326305248015027 -0.035744229006395116 P S
0.15 0 2.9899037804471362 5.947613837562856 19.31277565013013 39.35647070483593 -0.0657672613236633 -0.05328028576191951 P S
0.2 0 3.952276913004718 7.778732573059733 19.167289628583625 35.43660545075048 -0.06912418295679275 -0.1629496380015457 P S
0.25 0 4.90561544755517 9.476475290324107 18.94856199092749 32.63581773851608 -0.07384098437764028 -0.20487519976033278 P S
0.3 0 5.84640713252315 11.0870049745164 18.673233461017055 32.16137580023984 -0.0793115847027919 -0.21085648728449127 P S
0.35000000000000003 0 6.772236110620854 12.694713240884475 18.3554994623769 32.14578409693715 -0.08509972938874573 -0.2110487108173492 P S
0.4 0 7.681259330523225 14.301347873174482 17.99903177907319 32.118887898593925 -0.09105037845550051 -0.21137967320554027 P S
0.45 0 8.578049240150529 15.906367001991274 17.92805774058469 32.08099063095552 -0.09217602498430943 -0.21184465935414334 P S
0.5 0 9.474434368071384 17.5092470378998 17.92731820130988 32.032332691464326 -0.09218765843857042 -0.21243938113838146 P S
0.55 0 10.370767348078363 19.10947841840954 17.926041380872093 31.97312051316736 -0.09220773910607005 -0.21315965212624677 P S
0.6 0 11.267021730867613 20.70616884855511 17.92423714334212 31.901862477072584 -0.09223610461773131 -0.21402148116305342 P S
0.65 0 12.163171775418817 22.299335323438697 17.921912705259185 31.82124266523775 -0.09227263145786144 -0.2149900673402831 P S
0.7000000000000001 0 13.059192260573653 23.889216937020727 17.91907392846498 31.735506215207458 -0.09231721472944557 -0.21601269058759845 P S
0.75 0 13.955058380953602 25.473491293608514 17.915725838713602 31.636984153535987 -0.09236976008626849 -0.21717848830444378 P S
0.8 0 14.850745680350773 27.052790319679154 17.911872890350942 31.53039692286736 -0.09243017965268292 -0.2184286655385886 P S
0.85 0 15.746230005264536 28.62645175181234 17.907519120588802 31.413584987780187 -0.0924983896760734 -0.21978580119386482 P S
0.9 0 16.641487470574134 30.194074803390787 17.902668247402584 31.290346677686763 -0.09257430906367488 -0.221203164951518 P S
0.9500000000000001 0 17.536494433104693 31.756011787233604 17.897323735461192 31.21023957894346 -0.09265785842070735 -0.2221166605939422 P S
1.0 0 18.431227470622733 33.31524033675462 17.8914888425663 31.155351286197185 -0.09274895939411212 -0.22273906709012437 P S
1.05 0 19.325663364724043 34.87121654415942 17.885166653537897 31.080560486821277 -0.09284753421311245 -0.22358261506245572 P S
1.1 0 20.21977908660788 36.42305256021958 17.87836010567268 30.99293307411813 -0.092953505361891 -0.22456435002395908 P S
1.1500000000000001 0 21.113551785049438 37.97061235149576 17.871072008350303 30.89965913752991 -0.09306679534399737 -0.22560162726603664 P S
1.2 0 22.006958776083742 39.51308484333455 17.86330505845339 30.797882973404356 -0.0931873265123365 -0.22672450069830227 P S
1.25 0 22.89988618058728 41.050317302782545 17.8549026367883 30.690770920572167 -0.09331748504071267 -0.22789629819823454 P S
1.3 0 23.792418774579602 42.582066085564364 17.846070326630482 30.577774929017576 -0.09345404149595084 -0.22912157993514803 P S
1.35 0 24.684700792182024 44.108305393320066 17.837269647136278 30.490370310749014 -0.0935898436715198 -0.23006180426540623 P S
1.4000000000000001 0 25.57632057589567 45.63141083499694 17.827590271537247 30.428904907713736 -0.09373890053656252 -0.2307190980567719 P S
1.45 0 26.448529790739848 47.150900870706195 17.378485421564854 30.34893655982684 -0.10032882720864643 -0.2315694892683692 P S
1.5 0 27.31009535955879 48.664570225852096 17.15671312258479 28.396307902683777 -0.10337005637234696 -0.2508038440630705 P S
1.55 0 28.164808992872093 50.070398475059065 17.03441391413839 27.834744804195644 -0.1049933020440259 -0.25584507042615195 P S
1.6 0 29.012900021914955 51.44871373625857 16.820455256495325 27.32374134493267 -0.10774733472197956 -0.2602624481025212 P S
1.6500000000000001 0 29.849265221368356 52.80488296917725 16.638280415788852 26.91594393517503 -0.11001140998460347 -0.2636771198847438 P S
1.7 0 30.661332503025438 54.14054633352098 15.871617594756081 26.546008251369162 -0.11882129919892519 -0.26669332079359864 P S
1.75 0 31.447776382309673 55.46780993377099 15.599940667324471 26.544075555479118 -0.12169665794044898 -0.26670888011565635 P S
1.8 0 32.221462720822075 56.79489464803739 15.352723046836832 26.53905968615316 -0.12421357778364554 -0.26674925125252325 P S
1.85 0 32.8939380679254 58.12165260390293 13.415099184098176 26.53109992579305 -0.14120073334790692 -0.26681328863841064 P S
1.9000000000000001 0 33.56469198838786 59.44794326418017 13.415063292636935 26.520290087266307 -0.14120100916146458 -0.26690019995616104 P S
1.95 0 34.23544406082532 60.70097071210956 13.415024884847986 24.172951709418864 -0.14120130431072264 -0.2843599376433955 P S
2.0 0 34.90619416435873 61.909496863850464 13.414983965945058 24.168044151411284 -0.14120161875532866 -0.28439367611503646 P S
2.05 0 35.57694217859773 63.11777248896698 13.414940540796215 24.162743611674706 -0.14120195245756834 -0.28443010406773256 P S
2.1 0 36.24768798360909 64.32577900575444 13.414894613965886 24.157049190411033 -0.1412023053820429 -0.28446922487191767 P S
2.15 0 36.91843145988907 65.53349784566944 13.41484618974947 24.15095995887586 -0.1412026774954032 -0.28451104188057524 P S
2.2 0 37.58917248833764 66.74091044921485 13.414795272202701 24.144474967976297 -0.14120306876612387 -0.2845555583686486 P S
2.25 0 38.25991095023669 67.94799826246552 13.414741865166139 24.137593255477874 -0.14120347916431536 -0.2846027774821068 P S
2.3000000000000003 0 38.93064672722936 69.1547427341146 13.414685972286382 24.130313852143956 -0.14120390866156102 -0.28465270219444566 P S
2.35 0 39.60137970130181 70.36112531295197 13.414627597034091 24.122635787024162 -0.1412043572307785 -0.28470533526914454 P S
2.4 0 40.2721097547675 71.56712744569822 13.414566742719817 24.1145580920546 -0.14120482484609834 -0.2847606792269606 P S
2.45 0 40.94283677025143 72.77273057514529 13.414503412507637 24.106079806109264 -0.141205311482759 -0.2848187363171125 P S
2.5 0 41.61356063067677 73.97776783696352 13.414437609427294 24.09700022240008 -0.14120581711701372 -0.284880875185839 P S
2.5500000000000003 0 42.28428121925302 75.18239982007408 13.414369336384658 24.087573891855826 -0.14120634172605023 -0.2849453480253091 P S
2.6 0 42.95499841946189 76.38686492878688 13.414298596171335 24.078362842483543 -0.14120688528791694 -0.28500830996735727 P S
2.65 0 43.625712115050064 77.59052720480398 13.414225391472973 24.068236504141584 -0.14120744778145908 -0.2850774845220378 P S
2.7 0 44.29642219001596 78.79366561745543 13.414149724876703 24.057646966058535 -0.14120802918626144 -0.28514977420116794 P S
2.75 0 44.96712852860317 79.99625820837024 13.414071598878056 24.046612693849585 -0.14120862948259572 -0.2852250465421532 P S
2.8000000000000003 0 45.637831015289166 81.1982855680333 13.41399101588683 24.03514041629234 -0.14120924865137466 -0.2853032491599136 P S
2.85 0 46.30852953478041 82.39973008705067 13.413907978232775 24.02323465217412 -0.14120988667410939 -0.2853843446055077 P S
2.9 0 46.979223972001535 83.6005755414516 13.413822488170483 24.010899413461267 -0.1412105435328711 -0.28546829873201957 P S
2.95 0 47.64991421209023 84.80080681366843 13.413734547883903 23.998138630682305 -0.14121121921025653 -0.2855550777980834 P S
3.0 0 48.32060014039126 86.00040969070093 13.413644159490655 23.98495625573414 -0.14121191368935537 -0.2856446477757487 P S
3.0500000000000003 0 48.99128164244759 87.19929066746748 13.413551325045594 23.971299663144894 -0.14121262695372203 -0.2857373584207641 P S
3.1 0 49.661955804984274 88.39761739011195 13.413453857313023 23.957878155172985 -0.14121337580731233 -0.2858283924226913 P S
3.15 0 50.33262812071929 89.59515349176655 13.41335619724139 23.943697588393263 -0.14121412612922102 -0.285924488037053 P S
3.2 0 51.003297257868425 90.79196216279104 13.413257277822213 23.929012885114986 -0.1412148861170582 -0.2860239060062004 P S
3.25 0 51.67395750455078 91.98801964630117 13.413152952489328 23.913860257987096 -0.14121568762747674 -0.2861263917837335 P S
3.3000000000000003 0 52.34461242777856 93.18330484260113 13.413046047909477 23.89825248002238 -0.1412165089425414 -0.28623184980342986 P S
3.35 0 53.015261885989624 94.37779842841185 13.41293655849934 23.88219649802484 -0.1412173501043269 -0.2863402238965406 P S
3.4 0 53.685905747534775 95.57148244488565 13.412824483658596 23.86569722103236 -0.1412182111166041 -0.2864514715755274 P S
3.45 0 54.356543889210066 96.76434003952663 13.412709826707705 23.848758734223324 -0.14121909195300342 -0.2865655558011261 P S
3.5 0 55.02717619505897 97.95635528274286 13.412592594048006 23.831384766445975 -0.14121999256346882 -0.2866824418177952 P S
3.5500000000000003 0 55.69780255539416 99.14751302883384 13.412472794493027 23.813578887654614 -0.14122091287939686 -0.2868020958226995 P S
3.6 0 56.36842286598746 100.33773957394268 13.412350438735597 23.7953127840694 -0.14122185281773225 -0.28692469777746926 P S
3.65 0 57.03903702739535 101.52710475578988 13.41222553892145 23.777523880016194 -0.14122281228424433 -0.28704395607506666 P S
3.7 0 57.70964494439753 102.71554707619053 13.412098108306646 23.758899401792217 -0.14122379117616002 -0.28716866755121984 P S
3.75 0 58.38024652551809 103.90301077103985 13.411968160982042 23.73969204065241 -0.14122478938428126 -0.2872971230799308 P S
3.8000000000000003 0 59.0508416826256 105.08933977388232 13.411835711651944 23.71990882705177 -0.14122580679468635 -0.28742926126156243 P S
3.85 0 59.721430330587474 106.2748934367788 13.411700775454667 23.699791364537866 -0.14122684329010876 -0.2875634568377789 P S
3.9 0 60.39201238697554 107.45951080429055 13.411563367818305 23.683383696939092 -0.14122789875104597 -0.2876727752497965 P S
3.95 0 61.06258777181234 108.6436799693296 13.411423504344516 23.683382773572866 -0.1412289730566525 -0.28767278139855595 P S
4.0 0 61.733156305626 109.82784904900215 13.41128116081646 23.683380573097747 -0.14123006639191482 -0.2876727960516701 P S
4.05 0 62.40371674018309 111.0120179776497 13.411135897915594 23.683377127186162 -0.14123118213007974 -0.2876728189982265 P S
4.1 0 63.07426980631174 112.19618669159094 13.410988060756136 23.683372450954042 -0.14123231761920294 -0.2876728501375616 P S
4.15 0 63.744815356810875 113.38035512843338 13.410837643147918 23.683366555173436 -0.1412334729056974 -0.28767288939793617 P S
4.2 0 64.41535324774138 114.56452322673323 13.410684640288407 23.683359448237493 -0.14123464802529542 -0.28767293672345035 P S
4.25 0 65.08588334259734 115.74869092580543 13.410529050085767 23.68335113703152 -0.14123584299288786 -0.2876729920682432 P S
4.3 0 65.75640551149056 116.93285816558695 13.410370872736323 23.683341627397947 -0.1412370578057716 -0.2876730553933967 P S
4.3500000000000005 0 66.42691963044827 118.11702488654433 13.41021011036853 23.683330924414854 -0.14123829244638525 -0.28767312666508066 P S
4.4 0 67.09742558080414 119.30119102961312 13.410046766739612 23.683319032575753 -0.14123954688464072 -0.2876732058533561 P S
4.45 0 67.76792324867347 120.48535653613486 13.40988084697881 23.683305955912864 -0.14124082107989602 -0.28767329293135385 P S
4.5 0 68.43841252449171 121.66952134782254 13.409712357368683 23.6832916980849 -0.14124211498263622 -0.28767338787469 P S
4.55 0 69.10889330261486 122.85368540672137 13.409541305157985 23.683276262442227 -0.14124342853591154 -0.2876734906610324 P S
4.6000000000000005 0 69.77936548096615 124.03784865518165 13.409367698402594 23.68325965207609 -0.1412447616765595 -0.2876736012697731 P S
4.65 0 70.44982896072541 125.22201103583615 13.409191545828808 23.683241869857213 -0.14124611433625586 -0.2876737196817699 P S
4.7 0 71.12028364605506 126.40617249157773 13.409012856716613 23.68322291846611 -0.14124748644241186 -0.2876738458791463 P S
4.75 0 71.7907294438578 127.5903329655415 13.408831640799738 23.68320280041792 -0.14124887791894195 -0.287673979845125 P S
4.8 0 72.46116626355935 128.77449240109064 13.408647908179258 23.68318151808218 -0.141250288686928 -0.28767412156389693 P S
4.8500000000000005 0 73.13159401691665 129.9586507417996 13.408461669250212 23.68315907369981 -0.14125171866518368 -0.28767427102050713 P S
4.9 0 73.80201261784546 131.1428079314488 13.408272934637896 23.683135469396802 -0.14125316777074354 -0.28767442820076466 P S
4.95 0 74.4724219822658 132.326963914003 13.40808171514363 23.683110707196224 -0.14125463591928017 -0.28767459309116256 P S
5.0 0 75.14282202796316 133.511118633614 13.407888021697802 23.683084789028175 -0.1412561230254652 -0.2876747656788107 P S
5.05 0 75.81321267446336 134.69527203460106 13.407691865319492 23.68305771673857 -0.14125762900327948 -0.28767494595137816 P S
5.1000000000000005 0 76.48359384291929 135.87942406145027 13.407493257082466 23.683029492096487 -0.14125915376627465 -0.28767513389704436 P S
5.15 0 77.15396290925761 137.06357465880245 13.407291496025639 23.68300011680088 -0.14126070269424346 -0.2876753295044532 P S
5.2 0 77.82432541005258 138.24772377144922 13.40708816764716 23.682969592486238 -0.14126226361384217 -0.28767553276267666 P S
5.25 0 78.49467462860943 139.43187134432907 13.40688143678819 23.68293792072767 -0.14126385061178953 -0.28767574366118076 P S
5.3 0 79.16501338749585 140.61601732251376 13.406672129573586 23.682905103045428 -0.14126545734439322 -0.2876759621897948 P S
5.3500000000000005 0 79.8353415347655 141.80016165121253 13.406460240461426 23.682871140908844 -0.14126708385259382 -0.28767618833868575 P S
5.4 0 80.50565892447077 142.9843042757614 13.406245765541325 23.682836035740042 -0.14126873016478442 -0.2876764220983329 P S
5.45 0 81.17596541616912 144.16844514162003 13.406028702349866 23.682799788916984 -0.14127039629822852 -0.2876766634595085 P S
5.5 0 81.84626087447974 145.35258419436826 13.40580904970778 23.682762401776433 -0.14127208226031124 -0.28767691241325705 P S
0.05 10 1.9146239576867505 3.5350364565092858 8.798025466832849 16.14040957505529 0.13883628495333103 0.24036113028321746 p s
0.1 10 2.487896359601879 4.583981052531925 13.511034958296243 24.655034574716904 0.10378355738150669 0.17227127720208293 p s
0.15 10 3.2224767576849787 5.920190876359772 15.595561394926861 28.26252366530495 0.07657314793135088 0.11931666359067501 p s
0.2 10 4.029400103199045 7.37761849958304 16.56667193473069 29.835646528021197 0.05776812101599246 0.0827280303029755 p s
0.25 10 4.871395692761181 8.889830056546216 17.061510069325536 30.564955945375804 0.044622715126660044 0.05727896068892025 p s
0.3 10 5.731917896859789 10.428089125880744 17.333808886630717 30.924556829502166 0.03512310685946419 0.038631251358664104 p s
0.35000000000000003 10 6.602930532652629 11.979602257713521 17.493145661328562 31.10110588171993 0.02801399370997715 0.024629970504152134 p s
0.4 10 7.480255565388147 13.537138418635962 17.590787257629405 31.188933937432793 0.022532192400217994 0.012811251708603113 p s
0.45 10 8.361451142131905 15.097531144827576 17.653586167474938 31.2200468789474 0.018129424470600678 0.002659207695480925 p s
0.5 10 9.245296533341518 16.65853698731004 17.694119838262825 31.21722222355726 0.014587189558428979 -0.004619154365950272 p S
0.55 10 10.130712362009893 18.219041616923906 17.72202459630374 31.200940149703133 0.011526016479038505 -0.010175454998826041 p S
0.6 10 11.01729865524396 19.778430598220293 17.74068233508694 31.173355629809915 0.008906801368367924 -0.015579087291405168 p S
0.65 10 11.90469884134227 21.336204021321585 17.75266088133767 31.136008084744866 0.00670388763439401 -0.020758993850692443 p S
0.7000000000000001 10 12.79254823779608 22.891730405330033 17.76076152578889 31.08889840755916 0.004655421901942671 -0.025846509072499215 p S
0.75 10 13.680716543235478 24.44498669905237 17.76558040170597 31.034959946867193 0.002797438739324988 -0.0306443651171277 p S
0.8 10 14.569060732516771 25.995128960586854 17.767907901559354 30.972477594628312 0.0010658924526442722 -0.03539005470953196 p S
0.85 10 15.455676838427397 27.54256807174651 17.700081784554566 30.906487395423664 -0.013989919944694973 -0.03978369794440181 P S
0.9 10 16.33939817260467 29.08602349342704 17.64682526957243 30.8319737041735 -0.018654229294550947 -0.044213609472260475 P S
0.9500000000000001 10 17.220396575142846 30.625688989163795 17.59396242732289 30.751836994044375 -0.022330772687491694 -0.04851825709441151 P S
1.0 10 18.098765315969175 32.16116283118506 17.53926011311586 30.666213739744503 -0.025575651419957338 -0.05271983431161221 P S
1.05 10 18.974331872651064 33.692243092961114 17.483377890292484 30.575494619771668 -0.028502941010036253 -0.05682219537539896 P S
1.1 10 19.847046553908005 35.21872835162211 17.424878591016252 30.495397517250886 -0.03126649652268634 -0.06020315254288733 P S
1.1500000000000001 10 20.71678222375877 36.742357281394675 17.36398970046637 30.44499831898515 -0.03389585705321378 -0.062232192634487996 P S
1.2 10 21.58035401390118 38.262956034572184 17.22295065176009 30.377127936260877 -0.03928734509483867 -0.06485939562054177 P S
1.25 10 22.439180113380985 39.77993382842822 17.130990033224506 30.300328128160892 -0.042414955844971076 -0.06770278540004715 P S
1.3 10 23.293448153497838 41.29294528239047 17.041075803054692 30.218900258864384 -0.04524988844746106 -0.07058516160166017 P S
1.35 10 24.14318943003113 42.744651056615375 16.94861903257056 28.369400684582917 -0.04797645360379607 -0.11724716155508215 P S
1.4000000000000001 10 24.985465049590655 44.151709477457985 16.759513224969293 27.914263826895922 -0.05307856804810369 -0.12577325619304014 P S
1.45 10 25.820022078427733 45.536417366930316 16.62397852618382 27.460087177971182 -0.05642081937732244 -0.13361568410820507 P S
1.5 10 26.642906065080055 46.900192837574075 16.075988855610905 27.09272845230924 -0.06806400497549925 -0.13954972274679198 P S
1.55 10 27.440035227837402 48.24562464009437 15.818454407199551 26.72423415112567 -0.07278112639823109 -0.1451832542757991 P S
1.6 10 28.225299973088198 49.57511167705751 15.599281692486112 26.545552605367565 -0.07651182873562533 -0.147810920584132 P S
1.6500000000000001 10 28.999883031136335 50.90232011629478 15.385676992500567 26.542351891454565 -0.07993372654847992 -0.14785740487163615 P S
1.7 10 29.735361043454482 52.22928659723145 13.415133549710895 26.536111025162693 -0.10478498434426449 -0.14794798348639115 P S
1.75 10 30.406116742236623 53.55586820470498 13.4151002590023 26.526985695081187 -0.10478532907997476 -0.1480802885675633 P S
1.8 10 31.076870718200905 54.88192768244009 13.41506444625847 26.51506725496287 -0.10478569992992802 -0.14825284377550146 P S
1.85 10 31.747622849929044 56.11805117773964 13.415026117108669 24.173356004598517 -0.1047860968353461 -0.17770699857292205 P S
1.9000000000000001 10 32.41837301653007 57.3265981536656 13.414985276783538 24.168486517385645 -0.10478651974154571 -0.17776056281865027 P S
1.95 10 33.089121097603595 58.53489642635338 13.414941930166652 24.16322512581193 -0.10478696859740522 -0.17781840774492924 P S
2.0 10 33.75986697320739 59.74292745762714 13.41489608183663 24.157571007356232 -0.10478744335492839 -0.17788053539809348 P S
2.05 10 34.430610523829756 60.950672725524626 13.414847736102171 24.15152330984109 -0.10478794396888173 -0.17794694761957983 P S
2.1 10 35.10135163036311 62.15811372010074 13.414796897031328 24.145081160145313 -0.10478847039649132 -0.1780176459483549 P S
2.15 10 35.7720901740832 63.365231939884204 13.414743568476315 24.138243671486116 -0.1047890225971865 -0.1780926315394257 P S
2.2 10 36.44282603662762 64.57200888886668 13.41468775409471 24.131009949610018 -0.10478960053237968 -0.17817190509471278 P S
2.25 10 37.11355909997798 65.77842607393099 13.414629457367639 24.12337909811437 -0.1047902041652787 -0.1782554668038626 P S
2.3000000000000003 10 37.78428924644341 66.98446500264258 13.414568681615643 24.115350223066343 -0.10479083346072246 -0.17834331629317382 P S
2.35 10 38.4550163586461 68.19010718135142 13.414505430012353 24.106922437057413 -0.10479148838503928 -0.17843545258113108 P S
2.4 10 39.12574031950571 69.39517647924109 13.414439705596667 24.09788214448933 -0.104792168905921 -0.1785341964318805 P S
2.45 10 39.79646101222957 70.59997604976634 13.414371511283319 24.088670523483152 -0.10479287499231343 -0.17863471743301754 P S
2.5 10 40.46717832029788 71.80438777371053 13.41430084987252 24.079365927828526 -0.10479360661431696 -0.1787361566371021 P S
2.5500000000000003 10 41.13789212745606 73.00810247683773 13.414227724058152 24.069307295425798 -0.10479436374310128 -0.17884570762960517 P S
2.6 10 41.80860231770164 74.21129672434071 13.414152136435472 24.058783615184367 -0.10479514635082608 -0.17896020283695488 P S
2.65 10 42.479308775278085 75.41394832968864 13.41407408950774 24.047816566855328 -0.10479595441057242 -0.17907939066527784 P S
2.7 10 43.150011384663244 76.61603776163189 13.413993585692506 24.036413399383267 -0.10479678789627733 -0.1792031765230061 P S
2.75 10 43.82071003056325 77.81754733311861 13.413910627326914 24.024578786034862 -0.10479764678267948 -0.17933149352003178 P S
2.8000000000000003 10 44.491404597905046 79.01846076905048 13.413825216672876 24.01231680285424 -0.10479853104526526 -0.17946428092052752 P S
2.85 10 45.16209497182692 80.21876291878394 13.41373735592155 23.999631416800575 -0.10479944066022259 -0.17960147885215832 P S
2.9 10 45.83278103767532 81.41843954922962 13.413647047197482 23.986526607121707 -0.10480037560439846 -0.17974302701215783 P S
2.95 10 46.503462680995824 82.61735287121137 13.41355429256251 23.972918584299375 -0.10480133585525753 -0.1798898108973684 P S
3.0 10 47.17413693343032 83.81581347386336 13.413456860043887 23.959567749634747 -0.10480234451770992 -0.1800336234484173 P S
3.0500000000000003 10 47.84480926415388 85.01343730552622 13.413359179205436 23.94548894200529 -0.10480335573377442 -0.18018506656215016 P S
3.1 10 48.51547881392395 86.21033869659624 13.413260538205295 23.930899967756822 -0.10480437687229478 -0.18034176948106717 P S
3.15 10 49.18613922677119 87.40649359643253 13.413156297876418 23.915843929660767 -0.10480545595648404 -0.18050324657371056 P S
3.2 10 49.85679432101395 88.60188078469076 13.413049478834948 23.900334930402746 -0.10480656171499128 -0.18066932469411656 P S
3.25 10 50.52744395476203 89.79648087351983 13.412940075326969 23.884380361856884 -0.10480769420589539 -0.18083990277320885 P S
3.3000000000000003 10 51.198087996090834 90.99027586820492 13.412828086618257 23.86798532505213 -0.10480885343527553 -0.18101490415626095 P S
3.35 10 51.86872632155983 92.18324889841955 13.41271351592438 23.851154002660035 -0.10481003936828966 -0.18119426182235152 P S
3.4 10 52.539358815011326 93.37538402933217 13.412596369564731 23.833890179702227 -0.10481125193793597 -0.1813779127943123 P S
3.45 10 53.209985366583105 94.56666611933647 13.412476656289265 23.816197462214845 -0.10481249105202409 -0.1815657958061971 P S
3.5 10 53.8806058718947 95.75694703064181 13.412354386741809 23.798007744641463 -0.10481375659873404 -0.18175860887380332 P S
3.5500000000000003 10 54.55122023137025 96.94653922872865 13.412229573030775 23.78029981996152 -0.10481504845106104 -0.18194597730375653 P S
3.6 10 55.22182834967179 98.13511625197214 13.41210222838459 23.761819285913244 -0.10481636647038424 -0.18214116671241437 P S
3.65 10 55.89243013522004 99.32272940637516 13.411972366873767 23.742749042233086 -0.10481771050934542 -0.18234220669415138 P S
3.7 10 56.56302549979182 100.50921280610197 13.411840003188477 23.723100762626007 -0.10481908041415204 -0.18254894026370214 P S
3.75 10 57.233614358171714 101.6949155676602 13.41170515245773 23.703115868316445 -0.10482047602645013 -0.18275880042450143 P S
3.8000000000000003 10 57.904196627857814 102.87969844918707 13.411567830104513 23.683383728780562 -0.10482189718482497 -0.18296559703362333 P S
3.85 10 58.57477222880551 104.06386762177834 13.41142805172825 23.683383018147666 -0.10482334372601816 -0.18296560447388382 P S
3.9 10 59.24534102250834 105.24803672034085 13.411285809152327 23.683381027673054 -0.10482481573279938 -0.18296562531396587 P S
3.95 10 59.91590168911694 106.43220567867887 13.411140634779779 23.683377788516115 -0.10482631804206152 -0.18296565922762564 P S
4.0 10 60.586454995925536 107.61637443284297 13.410992887969128 23.683373316902706 -0.10482784693290577 -0.1829657060449672 P S
4.05 10 61.257000792262986 108.80054292025389 13.410842561286321 23.683367624144235 -0.10482940248021427 -0.18296576564754446 P S
4.1 10 61.92753893395651 109.98471107932698 13.410689649840672 23.68336071895466 -0.1048309847325083 -0.1829658379441015 P S
4.15 10 62.59806928429268 111.16887884925998 13.41053415146622 23.683352608432212 -0.10483259371007532 -0.18296592286029473 P S
4.2 10 63.268591713199754 112.35304616989289 13.410376066297276 23.68334329857125 -0.10483422940936389 -0.1829660203333331 P S
4.25 10 63.939106096540776 113.53721298161227 13.410215396410196 23.683332794563558 -0.10483589180669377 -0.1829661303088247 P S
4.3 10 64.60961231550365 114.72137922527787 13.410052145518678 23.683321100991236 -0.10483758086141093 -0.18296625273875664 P S
4.3500000000000005 10 65.28011025607115 115.90554484216699 13.409886318715435 23.683308221957176 -0.10483929651856275 -0.18296638758012862 P S
4.4 10 65.95059980856169 117.0897097739339 13.409717922252874 23.683294161178107 -0.10484103871116958 -0.18296653479397962 P S
4.45 10 66.6210808672243 118.27387396256925 13.409546963354721 23.683278922052725 -0.10484280736217529 -0.18296669434467416 P S
4.5 10 67.29155332988513 119.45803735037768 13.409373450056174 23.6832625077132 -0.10484460238610274 -0.18296686619936284 P S
4.55 10 67.9620170976369 120.64219987994528 13.409197391066998 23.683244921065338 -0.10484642369047187 -0.18296705032756244 P S
4.6000000000000005 10 68.63247207456239 121.82636149412227 13.409018795653754 23.68322616482027 -0.1048482711770189 -0.1829672467008237 P S
4.65 10 69.30291816749079 123.01052213600592 13.408837673539422 23.683206241519763 -0.10485014474273653 -0.18296745529246644 P S
4.7 10 69.97335528578176 124.19468174892287 13.408654034816944 23.683185153557087 -0.10485204428076911 -0.1829676760773612 P S
4.75 10 70.6437833411312 125.37884027641428 13.408467889875174 23.683162903194074 -0.10485396968117963 -0.18296790903175078 P S
4.8 10 71.31420224739855 126.56299766222577 13.408279249335111 23.68313949257574 -0.10485592083161022 -0.18296815413309653 P S
4.8500000000000005 10 71.98461192045245 127.7471538502945 13.408088123995155 23.683114923742128 -0.1048578976178494 -0.18296841135995542 P S
4.9 10 72.65501227803003 128.93130878474204 13.40789452478407 23.683089198638818 -0.10485989992431893 -0.18296868069186897 P S
4.95 10 73.32540323961354 130.11546240985993 13.407698462720688 23.68306231912579 -0.10486192763449205 -0.18296896210927122 P S
5.0 10 73.99578472631524 131.29961467010818 13.407499948879112 23.683034286985027 -0.10486398063125302 -0.18296925559340843 P S
5.05 10 74.66615368030168 132.48376551010244 13.40729816089198 23.683005103927382 -0.10486606741633259 -0.18296956112626805 P S
5.1000000000000005 10 75.33651703133296 133.66791487461208 13.407095073878205 23.682974771598264 -0.10486816756162433 -0.18296987869051864 P S
5.15 10 76.00686659920636 134.85206270855093 13.406888443233104 23.682943291582987 -0.1048703042761863 -0.1829702082694539 P S
5.2 10 76.67720571334087 136.03620895696912 13.406679236963388 23.682910665411175 -0.10487246754672222 -0.18297054984694686 P S
5.25 10 77.34753422161062 137.22035356505407 13.40646744947756 23.682876894561044 -0.10487465742815709 -0.1829709034074046 P S
5.3 10 78.0178519779049 138.40449647812295 13.40625307682094 23.68284198046282 -0.1048768739584481 -0.18297126893573268 P S
5.3500000000000005 10 78.68815884163223 139.58863764161518 13.40603611649161 23.68280592450226 -0.10487911716049098 -0.18297164641729888 P S
5.4 10 79.35845467727579 140.77277700109136 13.405816567275908 23.682768728023362 -0.10488138704382301 -0.18297203583790356 P S
5.45 10 80.02873935399576 141.9569145022297 13.405594429103655 23.682730392331212 -0.10488368360612244 -0.18297243718375136 P S
5.5 10 80.69901274527065 143.1410500908197 13.405369702918799 23.68269091869436 -0.1048860068345478 -0.18297285044142508 P S
