135.789 -26.198 9.567 342.6 79.4 30.2 1.969 208.5 28.7 111.4 12.7 # 21_1
137.076 -25.664 6.350 153.0 76.4 -170.47 3.678 107.3 3.0 16.4 16.2 #27_1
135.887 -28.227 9.674 310.5 62.0 32.1 1.212 167.3 41.6 77.3 0.0 #31_1
135.704 -27.882 10.93 339.5 77.8 37.3 3.22 206.3 34.2 105.3 15.6 #40_1
135.842 -28.101 9.931 323.3 65.6 8.2 1.6 184 22.6 278.8 11.5 #45_1
136.662 -27.568 9.934 334.9 82.8 32.5 1.4 202.6 27.7 103 16.8 #46_1
135.703 -28.100 8.873 312.6 58.0 2.0 1.844 172.25 23.35 271.6 20.7 #10_2
136.310 -28.695 9.626 123.9 78.4 4.6 1.998 347.9 11.4 79 5 #18_2
135.941 -28.226 9.917 115.5 86.9 -31.15 1.828 165.7 19 66.9 23.8 #38_2
136.442 -28.243 5.166 275.5 77.6 158.7 1.973 231.5 23.6 324 5.6 #41_2
136.468 -28.489 9.749 171.3 72.7 1.9 1.779 34.7 13.4 127.3 10.8 #51_2
136.051 -28.414 10.50 185.3 77.4 -33.6 1.873 238.1 13.2 139.6 32.4 #59_2
135.639 -28.855 9.115 301.9 53 4 1.725 159.2 27.7 261.8 22.6 #68_2
136.193 -28.499 9.897 304.3 62.4 26.3 2.675 161.5 37.5 253.7 2.8 #77_2
136.209 -28.502 10.32 316.6 75.1 35.8 2.113 181.8 35.5 82.6 12.6 #78_2
