141.3	-24.7	683.3
139.6	-24.8	619.1
133.3	-24.9	44.4
140.75	-24.95	1164.8
141.9	-24.95	1838.9
133.3	-25.2	44.4
133.35	-25.2	44.4
141.55	-25.4	1229
133.1	-25.55	66.6
134.75	-25.7	651.2
134.25	-25.75	44.4
137.65	-25.75	2384.6
137.35	-25.85	2480.9
138.8	-25.9	1806.8
141.85	-25.95	2416.7
131.15	-26	10.999995
131.2	-26	6
134	-26	46
134.05	-26	84
135.3	-26	1967.3
136.4	-26	1999.4
137.15	-26	2448.8
137.25	-26	2540
130.3	-26.05	9.99963333333
130.35	-26.05	11.6662666667
131.15	-26.05	7.00153333333
131.35	-26.05	6.66663333333
133.6	-26.05	36
133.65	-26.05	17
133.7	-26.05	4
134.05	-26.05	69
130.3	-26.1	9.0001
131.15	-26.1	13.9999666667
131.2	-26.1	10.67
131.25	-26.1	12
131.3	-26.1	9.00005
131.35	-26.1	3
131.45	-26.1	2.9998
131.6	-26.1	9.16663333333
133.15	-26.1	1.00003
133.2	-26.1	2.50000782609
133.7	-26.1	14
133.8	-26.1	24
134	-26.1	84
134.05	-26.1	6.81e-05
134.85	-26.1	2159.9
130.1	-26.15	13.39998
130.15	-26.15	14.8331333333
130.2	-26.15	7.77505833333
130.25	-26.15	21.347
130.3	-26.15	3.0501
130.4	-26.15	32.001
131	-26.15	14.0000333333
131.15	-26.15	4.67289225714
131.2	-26.15	18
131.25	-26.15	2.9998
131.35	-26.15	3.0001
131.45	-26.15	3
132.75	-26.15	5.67500166667
132.8	-26.15	1.26863753085
133.15	-26.15	4.60002
133.3	-26.15	7.4
133.75	-26.15	4
133.8	-26.15	1.9998
133.85	-26.15	4.93166666667e-05
133.95	-26.15	42.000025
134	-26.15	5.50005
135.45	-26.15	947
137.6	-26.15	2384.6
131.3	-26.2	1.9999
131.8	-26.2	11
132.15	-26.2	6.0002
132.55	-26.2	0.89366625
132.75	-26.2	4.1654
132.8	-26.2	4.12727272727
133.35	-26.2	8
133.8	-26.2	1.9999
133.85	-26.2	2.24974
133.9	-26.2	15.50005
133.95	-26.2	14
134.2	-26.2	174.5
136.85	-26.2	2640
131.8	-26.25	8.59992
132.15	-26.25	3.25
132.9	-26.25	2.43159947368
133.8	-26.25	13.2333333333
133.9	-26.25	16
134	-26.25	24.8333333333
139.8	-26.25	1827
130.15	-26.3	1.9998
131.1	-26.3	13.49995
131.2	-26.3	9.0001
132.15	-26.3	4.0001
132.6	-26.3	0
132.75	-26.3	2.60465
132.85	-26.3	2.98183363636
132.9	-26.3	3.95025
133.8	-26.3	42
133.9	-26.3	25.3333333333
134.15	-26.3	176
135.2	-26.3	1592
136.1	-26.3	1786
136.45	-26.3	2254
136.5	-26.3	2207
140.85	-26.3	2133
130.85	-26.35	18.99915
131.25	-26.35	18
132.45	-26.35	3.0001
133.8	-26.35	16
133.85	-26.35	32
133.9	-26.35	19
134.45	-26.35	203.5
135.65	-26.35	1170
139.5	-26.35	1838.9
130.65	-26.4	8.455
134.2	-26.4	227.5
140.6	-26.4	1967
131.8	-26.45	6.50515
134.05	-26.45	139
135.4	-26.45	778
137.65	-26.45	2884.5
130.35	-26.5	7.58616
130.4	-26.5	12.19
131.9	-26.5	19.3333333333
134.05	-26.5	150
134.15	-26.5	184
130.35	-26.55	6.0001
132.25	-26.55	31
133.4	-26.55	6.92812
134	-26.55	162
134.05	-26.55	183
137.45	-26.55	3027
134.1	-26.6	258
133.3	-26.65	22.2
135.25	-26.65	362.3
132	-26.7	4
133.4	-26.7	4.5
133.75	-26.7	114
138.25	-26.7	2836
132.05	-26.75	10.17
132.75	-26.75	1.8500286
132.8	-26.75	2.758353175
133.55	-26.75	38
133.7	-26.75	94
133.75	-26.75	140
134.1	-26.75	162.8
139.4	-26.75	2081
132.75	-26.8	2.4687520375
133.35	-26.8	17.6
133.55	-26.8	44
133.65	-26.8	116
133.7	-26.8	120
133.75	-26.8	146
140.85	-26.8	2416
141	-26.8	2586
132.15	-26.85	48
133.2	-26.85	11.89
133.7	-26.85	126
133.75	-26.85	118
134.05	-26.85	254
134.9	-26.85	201.8
140.65	-26.85	2469
141.55	-26.85	1967.3
132.2	-26.9	19.5
132.3	-26.9	12
132.35	-26.9	0
132.95	-26.9	5.1999
133.2	-26.9	0.000123056666667
133.35	-26.9	0.50003
133.4	-26.9	23.16
134.75	-26.9	209.5
139.45	-26.9	2063.6
140.65	-26.9	2413
133	-26.95	3.7
131.8	-27	16.600008
131.95	-27	14.8
132.05	-27	10
133.35	-27	5.25
133.8	-27	58.999
134.5	-27	96
140.7	-27	2607
140.8	-27	2975
132.7	-27.05	11
137.4	-27.05	2554
140.7	-27.05	2526.33333333
140.75	-27.05	2785
132	-27.1	7
133.75	-27.1	52
134.7	-27.1	133
140.3	-27.1	2282
140.45	-27.1	2335
140.6	-27.1	2585
140.7	-27.1	2658.5
140.95	-27.1	3141
132.45	-27.15	14.5005
134.4	-27.15	148
134.45	-27.15	177.6
134.6	-27.15	74
139.4	-27.15	2053
140.3	-27.15	2673
140.35	-27.15	2419
140.4	-27.15	2415
140.55	-27.15	2577
140.6	-27.15	2662
140.65	-27.15	2708
132.25	-27.2	0.10006
134.25	-27.2	136.9
134.8	-27.2	99.9
140.1	-27.2	2426.5
140.35	-27.2	2991
140.4	-27.2	2985
140.45	-27.2	3013
140.9	-27.2	2624
133.95	-27.25	48.1
134.1	-27.25	114.7
140.3	-27.25	2992
140.35	-27.25	2972
140.85	-27.25	2717
140.9	-27.25	2412
140.95	-27.25	2381.8
141	-27.25	2315
130.05	-27.3	25.5
130.1	-27.3	7.5002
133.75	-27.3	18.5
134.95	-27.3	144.3
135.15	-27.3	151.7
135.25	-27.3	162.8
135.3	-27.3	362.3
135.45	-27.3	875.9
135.6	-27.3	233.9
135.8	-27.3	843.8
140.25	-27.3	2942
140.95	-27.3	2639
141.8	-27.3	2352.5
133.55	-27.35	22.2
135.9	-27.35	203.5
138.75	-27.35	1582.1
139.85	-27.35	2208
139.95	-27.35	2395
140.55	-27.35	3698
140.8	-27.35	2773.5
140.85	-27.35	2785
139.75	-27.4	2112
139.9	-27.4	2376
140.8	-27.4	2769.75
140.85	-27.4	2753.25
139.75	-27.45	2125
139.9	-27.45	2682
140.2	-27.45	3181
140.35	-27.45	3020
140.95	-27.45	2099
141	-27.45	2124
139.3	-27.5	1805
139.6	-27.5	1992
140.2	-27.5	3218
140.3	-27.5	3193
140.35	-27.5	3163
140.45	-27.5	2869
140.65	-27.5	3280
140.7	-27.5	2304.33333333
140.75	-27.5	2623
140.9	-27.5	2071
135.45	-27.55	434
139.65	-27.55	2061
139.7	-27.55	2380
140.3	-27.55	3186
140.5	-27.55	2947
140.55	-27.55	2270
140.6	-27.55	2420
140.65	-27.55	2248.42857143
140.7	-27.55	2426.2
140.75	-27.55	3050
136.1	-27.6	249
139.2	-27.6	1738
139.65	-27.6	2150
140	-27.6	2887
140.35	-27.6	2832
140.4	-27.6	2460
140.5	-27.6	2408
140.6	-27.6	2187
140.65	-27.6	2609
139.4	-27.65	1957
140.25	-27.65	2543
140.3	-27.65	2543
140.45	-27.65	2904
135.6	-27.7	302
139.35	-27.7	1914
139.4	-27.7	1937
139.55	-27.7	2214
140.1	-27.7	3112
140.2	-27.7	2201
140.25	-27.7	2353.5
135.85	-27.75	342
139.95	-27.75	3149
140.15	-27.75	2406.25
140.2	-27.75	2230.625
133.8	-27.8	371
135.55	-27.8	600.88
135.7	-27.8	29.6
135.8	-27.8	300
139.35	-27.8	1964
139.8	-27.8	2892
140.1	-27.8	2941.5
140.15	-27.8	2568
135.75	-27.85	25
135.8	-27.85	23.1004
136.3	-27.85	177.6
137.85	-27.85	1387
138.65	-27.85	1270
138.9	-27.85	1424
139.25	-27.85	2048
140.1	-27.85	3298
140.55	-27.85	3659
135.65	-27.9	182
135.8	-27.9	12
137.55	-27.9	1749
137.9	-27.9	1630
140.05	-27.9	2425
140.1	-27.9	2949
134.15	-27.95	155.4
135.6	-27.95	289
135.8	-27.95	41.5
137.8	-27.95	1521
139.25	-27.95	1780
139.5	-27.95	2204
139.65	-27.95	2686
139.75	-27.95	3005
140	-27.95	2073
140.05	-27.95	2173.66666667
140.1	-27.95	2776
135.1	-28	207.2
135.8	-28	40.6666666667
138.7	-28	1100.6
139.3	-28	1754
139.35	-28	1950
139.4	-28	1954
139.8	-28	3046
140	-28	2241.9
140.05	-28	2257
140.8	-28	2037.5
140.9	-28	2822
140.95	-28	2932
141	-28	3101.5
133.8	-28.05	796
135.75	-28.05	96
135.8	-28.05	46.6
135.85	-28.05	1.91e-05
139.3	-28.05	1808
139.5	-28.05	2217
139.9	-28.05	2630
139.95	-28.05	2426.5
140	-28.05	2287.75
140.2	-28.05	2957
140.25	-28.05	2857
140.3	-28.05	3148
140.7	-28.05	2251
140.75	-28.05	2148.2
140.8	-28.05	1943
140.85	-28.05	2763.8
140.9	-28.05	2731
140.95	-28.05	3016.4
134.45	-28.1	549
135.7	-28.1	68
135.75	-28.1	56
135.8	-28.1	12.1830575
135.85	-28.1	3.28671
136.45	-28.1	155.4
139.6	-28.1	2188
139.9	-28.1	2629
140.2	-28.1	2858
140.25	-28.1	3083
140.3	-28.1	3089.66666667
140.6	-28.1	2006.33333333
140.65	-28.1	2086.25
140.85	-28.1	2787.25
140.9	-28.1	2719
140.95	-28.1	2546.33333333
135.7	-28.15	69
136	-28.15	182
139.55	-28.15	1912.5
139.6	-28.15	1908.16666667
139.65	-28.15	1962.6
139.85	-28.15	1936
139.9	-28.15	1967.66666667
139.95	-28.15	2523
140	-28.15	2723.5
140.05	-28.15	3142
140.1	-28.15	3242
140.2	-28.15	2866
140.55	-28.15	2405
140.65	-28.15	2035
140.85	-28.15	2739.66666667
140.9	-28.15	2676.4
140.95	-28.15	2527.8
141	-28.15	2612
135.8	-28.2	67
135.85	-28.2	40
135.9	-28.2	51.500025
135.95	-28.2	49
136	-28.2	81
139.55	-28.2	1726
139.6	-28.2	1834.83333333
139.7	-28.2	2246.5
139.8	-28.2	1843.66666667
139.85	-28.2	1872.4
139.9	-28.2	2039
139.95	-28.2	2199.8
140	-28.2	2388
140.05	-28.2	2983
140.25	-28.2	2672
140.3	-28.2	3010.64285714
140.35	-28.2	3127
140.4	-28.2	2476
140.45	-28.2	2501
140.5	-28.2	2434
140.6	-28.2	2185.2
140.65	-28.2	2116
140.75	-28.2	2169.71428571
140.8	-28.2	2639
140.9	-28.2	2750.25
140.95	-28.2	2791
135.35	-28.25	1382
135.7	-28.25	44
135.85	-28.25	60
135.9	-28.25	66.6
139.45	-28.25	1647
139.8	-28.25	1808.5
139.9	-28.25	2121.16666667
140.2	-28.25	3003
140.3	-28.25	3037.25
140.4	-28.25	2961
140.6	-28.25	2084
140.65	-28.25	1934
140.7	-28.25	2092
140.75	-28.25	2328
140.8	-28.25	2288.71428571
140.85	-28.25	2636.75
140.95	-28.25	2757
141	-28.25	2584
135.8	-28.3	30
135.9	-28.3	16
139.4	-28.3	1613
139.75	-28.3	1683
139.8	-28.3	1728
139.85	-28.3	2108.33333333
139.9	-28.3	2262.375
139.95	-28.3	2268
140	-28.3	2308.5
140.05	-28.3	2251
140.1	-28.3	2730
140.35	-28.3	3144
140.5	-28.3	2027
140.55	-28.3	1835.5
140.6	-28.3	2085.5
140.65	-28.3	2289
140.7	-28.3	2316.5
140.75	-28.3	2303
140.8	-28.3	2184.5
140.85	-28.3	2405
140.95	-28.3	2583
135.8	-28.35	18
136.55	-28.35	295
138.7	-28.35	1367
139.9	-28.35	2292.25
139.95	-28.35	2290.8
140	-28.35	2238.2
140.05	-28.35	2355
140.1	-28.35	2670.66666667
140.15	-28.35	2941
140.4	-28.35	2706
140.45	-28.35	2334
140.55	-28.35	1851
140.6	-28.35	2087
140.65	-28.35	2234
140.7	-28.35	2366
140.75	-28.35	2258.75
140.8	-28.35	2272
140.85	-28.35	2458.4
140.95	-28.35	2486.2
135.95	-28.4	2.0002
139.8	-28.4	1758.16666667
139.85	-28.4	1784
139.9	-28.4	2058.5
139.95	-28.4	2350.75
140	-28.4	2332
140.05	-28.4	2531
140.1	-28.4	2779
140.4	-28.4	2258
140.45	-28.4	2142
140.5	-28.4	1616.5
140.55	-28.4	2171
140.7	-28.4	2365
140.75	-28.4	2254.5
140.8	-28.4	2236.5
140.85	-28.4	2336
140.95	-28.4	2352.8
141	-28.4	2325
134.2	-28.45	454
134.95	-28.45	259
135.9	-28.45	10
135.95	-28.45	2.00006666667
136.2	-28.45	78
139.8	-28.45	1823
139.85	-28.45	1805
139.9	-28.45	1920
139.95	-28.45	2259
140	-28.45	2374.57142857
140.05	-28.45	2338
140.1	-28.45	2570
140.2	-28.45	2648
140.35	-28.45	1598
140.4	-28.45	1585.66666667
140.45	-28.45	1547.33333333
140.5	-28.45	1544.57142857
140.65	-28.45	2156
140.7	-28.45	2161
140.75	-28.45	2300.66666667
140.8	-28.45	2268.11111111
140.85	-28.45	2380.25
140.9	-28.45	2253.25
140.95	-28.45	2414
141	-28.45	2396.5
135.2	-28.5	403.5
135.4	-28.5	166.5
135.9	-28.5	74
136.35	-28.5	176
139.85	-28.5	1809
140	-28.5	2097.33333333
140.05	-28.5	2077.25
140.1	-28.5	2288.5
140.15	-28.5	2456
140.2	-28.5	2462.5
140.25	-28.5	1817.25
140.3	-28.5	1563
140.35	-28.5	1573.33333333
140.4	-28.5	1550
140.45	-28.5	1555.4
140.5	-28.5	1536
140.65	-28.5	2130
140.7	-28.5	2146
140.75	-28.5	2109
140.8	-28.5	2301.33333333
140.9	-28.5	2293
140.95	-28.5	2279.5
131.1	-28.55	48.1
133.6	-28.55	158
139.8	-28.55	1776
139.9	-28.55	1830
140	-28.55	1803.42857143
140.05	-28.55	2151
140.2	-28.55	1628
140.25	-28.55	1619
140.3	-28.55	1574.75
140.35	-28.55	1636.66666667
140.65	-28.55	1940
140.7	-28.55	1908
140.75	-28.55	1903
140.8	-28.55	1910
140.95	-28.55	1456
133.8	-28.6	472
136.15	-28.6	108
136.2	-28.6	140
139.85	-28.6	1515.75
139.9	-28.6	1658
140.1	-28.6	1667
140.15	-28.6	1510
140.25	-28.6	2577.2
140.3	-28.6	1973
140.35	-28.6	1815
140.4	-28.6	1956
140.85	-28.6	1602
140.1	-28.65	1460.8
140.15	-28.65	1503
140.55	-28.65	1938
140.7	-28.65	1991
136.15	-28.7	0.00067628
136.2	-28.7	9.383e-05
136.25	-28.7	5.2047
136.3	-28.7	14.6895
138.65	-28.7	1004.3
140.15	-28.7	1456
140.3	-28.7	1722
140.55	-28.7	1846
135.05	-28.75	84
136.25	-28.75	47.239
136.5	-28.75	395
136.8	-28.75	233.9
140.35	-28.75	1592
133.8	-28.8	167
133.85	-28.8	182
133.9	-28.8	158.982
135.05	-28.8	69.302
140.45	-28.8	1504
132.6	-28.85	48.1
132.9	-28.85	389
133.8	-28.85	165.26
133.9	-28.85	187
134.25	-28.85	167
134.3	-28.85	183
136.15	-28.85	7.4
136.4	-28.85	196.1
140	-28.85	1390
140.05	-28.85	1365
134.35	-28.9	208
135.35	-28.9	70.1355
140	-28.9	1326
140.2	-28.9	1644
135.25	-28.95	41.606
135.4	-28.95	42
135.85	-28.95	96.2
132.8	-29	175
133.15	-29	136
133.2	-29	148
133.25	-29	141
133.6	-29	29.6
133.9	-29	170.666666667
134.25	-29	203
134.4	-29	125.8
134.5	-29	196
135.55	-29	125.8
136.2	-29	91.11
140.1	-29	2262
140.25	-29	1336
141	-29	843.8
133.9	-29.05	212
134.9	-29.05	105.43
135	-29.05	57.9090909091
135.05	-29.05	43
137	-29.05	162.8
133.7	-29.1	234
134.15	-29.1	73.3333333333
134.2	-29.1	56.5
134.3	-29.1	174
134.35	-29.1	74
134.4	-29.1	257
134.5	-29.1	98.564
134.6	-29.1	96
134.9	-29.1	115.74
135	-29.1	56
135.05	-29.1	57.7142857143
135.7	-29.1	51.973
139.85	-29.1	1607
140.2	-29.1	1372
140.9	-29.1	1067
140.95	-29.1	1062
133.95	-29.15	180
134.1	-29.15	129
134.15	-29.15	53.735
134.25	-29.15	64.8395
134.3	-29.15	75
134.45	-29.15	90
134.6	-29.15	138
134.7	-29.15	102
135.05	-29.15	58.4002
135.1	-29.15	54.8235
135.55	-29.15	43.303
135.6	-29.15	120
134.1	-29.2	64
134.25	-29.2	32.949
134.45	-29.2	41.996
134.6	-29.2	69
134.65	-29.2	87.0125
134.9	-29.2	103.83
135.65	-29.2	36.352
135.75	-29.2	112
134	-29.25	160
134.25	-29.25	35.256
134.3	-29.25	32.88
134.45	-29.25	42.1293333333
134.5	-29.25	30.491
134.6	-29.25	42
134.65	-29.25	72.138
134.7	-29.25	49.6666666667
134.75	-29.25	33
135.1	-29.25	50
135.25	-29.25	23.75
138.4	-29.25	548
132.5	-29.3	260
132.55	-29.3	163.666666667
134.2	-29.3	48
134.25	-29.3	38.028
134.65	-29.3	56
134.7	-29.3	72.4075
134.75	-29.3	49.6
134.8	-29.3	116
134.95	-29.3	86
135	-29.3	92
135.1	-29.3	24.414875
135.15	-29.3	13.4878246419
135.2	-29.3	16.7826047348
135.25	-29.3	22.8333333333
136.75	-29.3	88.8
138.35	-29.3	458.6
140.65	-29.3	908
133.85	-29.35	334
134.1	-29.35	63.209
134.2	-29.35	44
134.5	-29.35	76
134.75	-29.35	44
134.8	-29.35	67
134.9	-29.35	40.495
135.2	-29.35	42.6505
136.1	-29.35	144.3
130.75	-29.4	33.3
134.8	-29.4	46.776
134.9	-29.4	54.5515
135	-29.4	59
135.05	-29.4	39.483
135.1	-29.4	18
135.15	-29.4	24.283125
135.2	-29.4	22.6666666667
135.3	-29.4	36.416
135.35	-29.4	30.303
135.4	-29.4	41.607
135.5	-29.4	38.06
132.3	-29.45	123
134.1	-29.45	216
134.85	-29.45	34
135	-29.45	44.4
135.1	-29.45	30.6666666667
135.15	-29.45	40
135.2	-29.45	22
135.25	-29.45	42.7945
135.3	-29.45	27.647
135.35	-29.45	50
135.4	-29.45	34.5733333333
135.45	-29.45	29.550125
135.5	-29.45	53.619
135.75	-29.45	411
135.8	-29.45	649
133.35	-29.5	40
133.4	-29.5	38
133.5	-29.5	7.4
133.9	-29.5	20
134.6	-29.5	957
134.85	-29.5	38
134.9	-29.5	41
134.95	-29.5	128
135.15	-29.5	17
135.2	-29.5	20
135.25	-29.5	4.63915
135.35	-29.5	46.6666666667
135.45	-29.5	52
133.45	-29.55	24.2
133.5	-29.55	18.519996
133.55	-29.55	21.75
134	-29.55	6.15789473684
134.05	-29.55	3.83139819048
134.1	-29.55	4.168325
134.35	-29.55	24
134.85	-29.55	42
135.3	-29.55	11.613475
135.35	-29.55	39.5
135.4	-29.55	45.2863333333
135.45	-29.55	46
135.5	-29.55	14.8
141	-29.55	587
131.45	-29.6	691
132.1	-29.6	224
132.25	-29.6	463
133.1	-29.6	38.8
133.2	-29.6	7.40002
133.25	-29.6	26.5
133.45	-29.6	28
133.5	-29.6	17.1428571429
133.55	-29.6	15
133.6	-29.6	47.9672222222
133.65	-29.6	3.40004
134	-29.6	6.17756428571
134.05	-29.6	6.18002173913
135.3	-29.6	42
135.35	-29.6	54
135.4	-29.6	39.443125
135.45	-29.6	73.2
135.5	-29.6	77.2857142857
135.55	-29.6	67
139.5	-29.6	602
133.05	-29.65	30.082
133.1	-29.65	15.049
133.2	-29.65	24.8
133.25	-29.65	42
133.3	-29.65	6
133.4	-29.65	24.6666566667
133.55	-29.65	6
134.4	-29.65	4.5
135.35	-29.65	99.092
135.4	-29.65	86.6439230769
135.45	-29.65	102.605857143
135.5	-29.65	63.5
137.65	-29.65	118.4
139.85	-29.65	649
132.75	-29.7	80
133.3	-29.7	15
133.5	-29.7	2.94115881
133.85	-29.7	24
133.95	-29.7	60.3333333333
134.4	-29.7	5
135.25	-29.7	220
135.35	-29.7	107
135.4	-29.7	118.473333333
135.45	-29.7	82.8571428571
135.5	-29.7	72.589
137.05	-29.7	14.8
139.65	-29.7	255.975
132.75	-29.75	120
132.8	-29.75	72
132.85	-29.75	26
133	-29.75	66
133.2	-29.75	27
133.3	-29.75	4
133.35	-29.75	6
133.45	-29.75	8.850015
133.5	-29.75	8.150015
134.3	-29.75	17
134.35	-29.75	5
134.5	-29.75	40.5
134.65	-29.75	20
134.7	-29.75	0.500002795
135.8	-29.75	86
135.85	-29.75	191
135.9	-29.75	203.666666667
135.95	-29.75	227
137.85	-29.75	4.96566666667e-05
137.9	-29.75	0.000367254285714
137.95	-29.75	2.7675e-05
138	-29.75	0.000270516818182
138.45	-29.75	98.001
138.65	-29.75	196
139	-29.75	288.5
139.4	-29.75	70.5
139.5	-29.75	0
139.55	-29.75	0.0953643222222
139.6	-29.75	222
139.65	-29.75	182
132.8	-29.8	13.5
133.25	-29.8	10
134.3	-29.8	4
134.35	-29.8	6.5
135.55	-29.8	213.25
135.8	-29.8	146
136.9	-29.8	22.2
137.75	-29.8	2.36e-06
137.95	-29.8	5.35717593875
138	-29.8	0.125800457143
138.4	-29.8	95.3333333333
138.45	-29.8	122.666666667
138.5	-29.8	154
138.6	-29.8	182
138.8	-29.8	39
139	-29.8	283
139.2	-29.8	97
139.25	-29.8	28.750252645
139.3	-29.8	30.5
139.5	-29.8	0.000139543636364
139.55	-29.8	0.0001573025
139.6	-29.8	105.435
139.65	-29.8	181
139.7	-29.8	191.26
132.6	-29.85	21
132.65	-29.85	9
132.8	-29.85	35.6666666667
133.05	-29.85	60
133.1	-29.85	16
133.15	-29.85	8
133.3	-29.85	25
133.35	-29.85	18
133.55	-29.85	250.666666667
133.6	-29.85	17.5
134.25	-29.85	5
134.3	-29.85	17.3333
134.35	-29.85	11
134.4	-29.85	6
134.45	-29.85	7.4
134.5	-29.85	16.4
134.6	-29.85	8
134.75	-29.85	8
135.15	-29.85	84
135.2	-29.85	281.675
135.25	-29.85	423.12
135.75	-29.85	148
137.8	-29.85	0.42675051
137.85	-29.85	0
137.95	-29.85	0.000229619090909
138.45	-29.85	38
138.5	-29.85	144
138.55	-29.85	118
138.6	-29.85	138
138.9	-29.85	58
139.6	-29.85	41
139.7	-29.85	24.582
132.8	-29.9	23
132.95	-29.9	17
133	-29.9	36.4
133.2	-29.9	10
133.35	-29.9	21
133.4	-29.9	46
133.6	-29.9	15.3333333333
133.75	-29.9	7.25
133.8	-29.9	9.33333333333
133.85	-29.9	8
134.25	-29.9	1.5000082
134.3	-29.9	4.0025
134.35	-29.9	8.5
134.45	-29.9	3.80957563476
134.65	-29.9	8
134.7	-29.9	14
135.9	-29.9	300
136	-29.9	492
137.8	-29.9	9.615e-05
137.85	-29.9	0
138.45	-29.9	53
138.5	-29.9	110
138.55	-29.9	124
138.75	-29.9	45
138.85	-29.9	65
138.95	-29.9	121
139.2	-29.9	9.00002590833
139.4	-29.9	2.03411229667
139.45	-29.9	0.0002558076
139.7	-29.9	69
139.75	-29.9	59.2
140	-29.9	548
130.05	-29.95	66.6
132.5	-29.95	170
133	-29.95	7
133.2	-29.95	57.3333333333
133.4	-29.95	21.3333333333
133.45	-29.95	17
133.7	-29.95	6
133.75	-29.95	4.499975
133.8	-29.95	6.250025
134.15	-29.95	38
134.4	-29.95	20
134.45	-29.95	4.666675
134.7	-29.95	8
134.85	-29.95	38
134.9	-29.95	34
134.95	-29.95	32
135	-29.95	40
135.05	-29.95	24
135.15	-29.95	36
135.85	-29.95	216
136.45	-29.95	37
137.9	-29.95	2
138.8	-29.95	47.8
138.85	-29.95	53.5
139.05	-29.95	123
139.1	-29.95	131
139.4	-29.95	0.000810233333333
139.45	-29.95	0
139.5	-29.95	0.000252431428571
139.65	-29.95	0
139.85	-29.95	414
139.9	-29.95	426
140.4	-29.95	266
133.15	-30	64
133.4	-30	22.5
133.45	-30	4.0001
133.5	-30	12.525
133.55	-30	4
133.6	-30	22
133.85	-30	6.71874375
133.9	-30	4
133.95	-30	0.99991
134.45	-30	24
134.8	-30	38
135	-30	0
135.05	-30	10.3430914286
135.1	-30	12.7652346821
135.15	-30	21.624393609
135.2	-30	60.5
135.7	-30	1427
135.85	-30	178
136	-30	92.5
138	-30	14.8
138.5	-30	37
138.8	-30	37
139	-30	7.4
139.55	-30	0
139.6	-30	0.00064162
139.65	-30	0.345011377333
139.7	-30	0.00027576125
140.05	-30	256
133.15	-30.05	38
133.2	-30.05	78
133.35	-30.05	24
133.4	-30.05	25
133.45	-30.05	35.5
133.5	-30.05	32
133.85	-30.05	5.734125
133.9	-30.05	5.25
133.95	-30.05	2.25
134.7	-30.05	13
135.05	-30.05	15.44560428
135.1	-30.05	18
135.5	-30.05	40.7
137.1	-30.05	22.2
139.5	-30.05	1.3249
139.6	-30.05	4.4014
133.1	-30.1	0.666670666667
133.6	-30.1	3.400018
133.65	-30.1	135
133.7	-30.1	12
133.9	-30.1	3
133.95	-30.1	1.499885
134	-30.1	14.1667
134.2	-30.1	10.6666666667
134.25	-30.1	29
134.3	-30.1	38.6666666667
134.35	-30.1	54
138.55	-30.1	4
138.8	-30.1	6.065e-05
139.35	-30.1	5.56133333333
140.3	-30.1	433
140.35	-30.1	463
141	-30.1	185
131.6	-30.15	520
132.3	-30.15	92
133.65	-30.15	12.1667333333
133.7	-30.15	3.400003
133.75	-30.15	3.94117152353
133.8	-30.15	2.0001
133.95	-30.15	30
134	-30.15	28
134.05	-30.15	19.62462
134.1	-30.15	2.66665
134.2	-30.15	41.61539
134.25	-30.15	9.77777777778
134.3	-30.15	13.0769192123
134.35	-30.15	16.4615307692
134.55	-30.15	22
138.05	-30.15	3.9999
138.1	-30.15	5.9996
138.2	-30.15	1.0001
138.4	-30.15	69
138.55	-30.15	4.17230769231e-05
139.25	-30.15	1.65e-05
139.3	-30.15	0.00109661
139.35	-30.15	0.000469724285714
132.75	-30.2	10.6666666667
132.8	-30.2	11
132.95	-30.2	17
133.3	-30.2	1.9999
133.35	-30.2	6
133.4	-30.2	10
133.45	-30.2	4.6666
133.5	-30.2	9
133.65	-30.2	5
133.75	-30.2	4.55555555556
133.8	-30.2	3.0000077
133.85	-30.2	3.33333333333
133.9	-30.2	3.5
133.95	-30.2	3.49999666667
134	-30.2	6.8123087234
134.05	-30.2	3.96445238806
134.1	-30.2	2.35898444444
134.15	-30.2	0.463417328293
134.2	-30.2	8.8750125
134.25	-30.2	5.399996125
134.3	-30.2	8.7599932
134.35	-30.2	7.77419678419
134.55	-30.2	12.8
134.65	-30.2	81.4
138.2	-30.2	0.99999
138.4	-30.2	36.25
138.45	-30.2	5.99995
138.55	-30.2	0.00010717
138.6	-30.2	1.82782608696e-05
138.7	-30.2	4.23966666667e-05
139.25	-30.2	2.04681440938
139.3	-30.2	0.39936712125
139.35	-30.2	3.92218712154
139.4	-30.2	0.49674052
139.5	-30.2	141
139.75	-30.2	3402
132.7	-30.25	53
132.75	-30.25	59
132.8	-30.25	24
132.85	-30.25	40
132.95	-30.25	32
133	-30.25	0.99989
133.5	-30.25	3.75
133.55	-30.25	1.799988
133.6	-30.25	3.9999
133.65	-30.25	158
133.7	-30.25	24.500025
133.75	-30.25	2.20002
133.8	-30.25	6.1250125
133.85	-30.25	7.5
133.95	-30.25	0.49998169
134	-30.25	9
134.1	-30.25	3.00003333333
134.15	-30.25	8
134.2	-30.25	4.33333333333
134.25	-30.25	4.33333
134.3	-30.25	1.44444222222
134.4	-30.25	7
134.55	-30.25	4.50001317625
134.7	-30.25	20
134.75	-30.25	43.3333333333
134.8	-30.25	114
134.9	-30.25	195.643333333
134.95	-30.25	380
138.1	-30.25	44
138.25	-30.25	40
138.35	-30.25	42
138.45	-30.25	20
139.15	-30.25	1.48297482517
139.2	-30.25	0.0772277192308
139.25	-30.25	2.421508
139.35	-30.25	2.2501
139.4	-30.25	1.0013663
132.65	-30.3	45
133.25	-30.3	48
133.3	-30.3	21.5
133.35	-30.3	4.66666666667
133.4	-30.3	5.66666666667
133.45	-30.3	28.5
133.5	-30.3	9.5119
133.55	-30.3	4.61133965714
133.65	-30.3	6
133.7	-30.3	6.66666666667
133.75	-30.3	14.0000666667
133.9	-30.3	4.875025
133.95	-30.3	13.3757927586
134	-30.3	13.4999833333
134.05	-30.3	24.3597125
134.1	-30.3	3.33333333333
134.15	-30.3	4.33326666667
134.2	-30.3	18
134.25	-30.3	76.051
134.3	-30.3	3.249975
134.35	-30.3	3.42861
134.4	-30.3	6.00005
134.55	-30.3	6.10005
134.65	-30.3	22
134.7	-30.3	12.7142857143
134.75	-30.3	10.4149333333
134.8	-30.3	47.5
134.85	-30.3	99
138.25	-30.3	44
138.3	-30.3	27.75
138.35	-30.3	34
138.7	-30.3	0.00030439
138.75	-30.3	0.000805153333333
139.4	-30.3	0
139.45	-30.3	0.000131925
132.5	-30.35	18
132.55	-30.35	57.6
132.6	-30.35	59.6
133.5	-30.35	2
133.55	-30.35	3.83034444444
133.6	-30.35	8.20002
133.65	-30.35	2.66665666667
133.7	-30.35	7.6
133.75	-30.35	14.0000076923
133.8	-30.35	26.5
133.9	-30.35	60
133.95	-30.35	21.1666666667
134	-30.35	38.7142857143
134.05	-30.35	34.8888888889
134.2	-30.35	15.5
134.25	-30.35	56.5
134.3	-30.35	32
134.35	-30.35	4.83336666667
134.4	-30.35	4
134.45	-30.35	22.0000333333
134.55	-30.35	9.3333
134.6	-30.35	56.0265
134.65	-30.35	35.3076923077
134.7	-30.35	10.5
134.75	-30.35	36
134.8	-30.35	33
137.6	-30.35	22.2
138.2	-30.35	38
138.25	-30.35	3.3333
138.3	-30.35	20
138.55	-30.35	0.855884895833
138.7	-30.35	0.000419342307692
139.35	-30.35	1.499
139.4	-30.35	0.436202639
139.85	-30.35	1550
132.35	-30.4	44.2941176471
132.4	-30.4	20
132.45	-30.4	24.75
132.5	-30.4	15.1666666667
132.55	-30.4	40
133.6	-30.4	6.10454916667
133.65	-30.4	14.64442
133.7	-30.4	4.4
133.75	-30.4	9.6
133.8	-30.4	2
133.85	-30.4	12
134.05	-30.4	45
134.35	-30.4	2.500037075
134.45	-30.4	128
134.5	-30.4	74.3333333333
134.55	-30.4	58.1153846154
134.6	-30.4	52.1666666667
134.65	-30.4	24
134.8	-30.4	41
138.1	-30.4	232
138.3	-30.4	24
138.35	-30.4	14
138.4	-30.4	8
138.7	-30.4	0.000159145
138.95	-30.4	0
139.3	-30.4	0.0024322
139.35	-30.4	0.001096055
131.55	-30.45	440
131.65	-30.45	287
131.85	-30.45	40.7
132.2	-30.45	42
132.55	-30.45	59.25
132.6	-30.45	70
133.5	-30.45	5.9999
133.55	-30.45	2
133.6	-30.45	5.60002
133.65	-30.45	10.3333333333
133.7	-30.45	38.5833333333
133.75	-30.45	59.3333333333
133.85	-30.45	25
133.9	-30.45	20.679996
133.95	-30.45	18.625
134	-30.45	29
134.05	-30.45	9
134.35	-30.45	196
134.5	-30.45	68.75
134.55	-30.45	65
134.6	-30.45	41
134.8	-30.45	27
138.2	-30.45	66.6
138.35	-30.45	4.80002
138.4	-30.45	2.0001
138.45	-30.45	0.0001256
138.75	-30.45	1.54527315
139.35	-30.45	14.8
139.4	-30.45	192.4
132.25	-30.5	82
132.3	-30.5	38
132.35	-30.5	33
132.4	-30.5	27.6
132.45	-30.5	29
132.5	-30.5	16
132.55	-30.5	55
132.6	-30.5	45.6
132.65	-30.5	66.6666666667
132.85	-30.5	54
133.3	-30.5	2
133.4	-30.5	11
133.45	-30.5	32
133.5	-30.5	7.4
133.65	-30.5	12.99995
133.7	-30.5	32.8888888889
133.75	-30.5	23.2500375
133.8	-30.5	24
133.85	-30.5	23
133.9	-30.5	26.49995
133.95	-30.5	18
134	-30.5	42
134.4	-30.5	127
134.5	-30.5	32
134.65	-30.5	8.29593333333
134.75	-30.5	16.7543333333
135.45	-30.5	11.1
136.5	-30.5	55.5
138.2	-30.5	185
140.1	-30.5	402
132	-30.55	21
132.15	-30.55	5.500050661
132.6	-30.55	51.6
132.65	-30.55	60.5
132.7	-30.55	52
132.8	-30.55	132
132.85	-30.55	136.666666667
132.9	-30.55	83.3333333333
132.95	-30.55	47.3333333333
133	-30.55	35
133.05	-30.55	35
133.2	-30.55	13.8
133.25	-30.55	11.6667
133.3	-30.55	11
133.35	-30.55	28.3883125
133.4	-30.55	24.1706
133.45	-30.55	10
133.7	-30.55	32.85715
133.75	-30.55	27.00005
134	-30.55	69
134.25	-30.55	1.5652126087
134.45	-30.55	144
134.55	-30.55	7.97477386742
135.05	-30.55	40.7
135.3	-30.55	15.91665
135.95	-30.55	29.6
138.9	-30.55	0
131.75	-30.6	5.64295
131.85	-30.6	70
132.1	-30.6	53
132.3	-30.6	32
132.55	-30.6	29
132.7	-30.6	49.3333333333
132.75	-30.6	8.58418076923
132.8	-30.6	15.75
132.85	-30.6	96
132.9	-30.6	59.6666666667
132.95	-30.6	49.3333333333
133	-30.6	44
133.05	-30.6	52
133.2	-30.6	6
133.25	-30.6	9.42852857143
133.3	-30.6	21.46425
133.35	-30.6	8.9999
133.4	-30.6	40.84625
133.45	-30.6	5.9998
133.7	-30.6	37.7777833333
133.75	-30.6	38.5
133.8	-30.6	7.14282857143
133.85	-30.6	8.9999
133.9	-30.6	33
133.95	-30.6	24.3333333333
134	-30.6	32.7272727273
134.05	-30.6	33.0243926829
134.1	-30.6	27.25
134.25	-30.6	1.7599984
134.55	-30.6	26.4594
134.6	-30.6	32
134.8	-30.6	81
135.4	-30.6	43
135.45	-30.6	55
138.35	-30.6	0.00075945
138.4	-30.6	1.70473840143
138.95	-30.6	2.0001
140.45	-30.6	522.8
131.9	-30.65	88.542
131.95	-30.65	34
132.05	-30.65	3
132.25	-30.65	130
132.4	-30.65	37.3333333333
132.45	-30.65	29.5
132.55	-30.65	25.3333333333
132.65	-30.65	52
132.7	-30.65	110.5
132.75	-30.65	30
132.8	-30.65	72
132.85	-30.65	32
133	-30.65	14
133.05	-30.65	32
133.1	-30.65	42.6666666667
133.15	-30.65	39
133.2	-30.65	16
133.3	-30.65	9
133.9	-30.65	23
134	-30.65	33
134.05	-30.65	30.4117647059
134.1	-30.65	31.9
134.5	-30.65	26.35
134.6	-30.65	40.3333333333
134.65	-30.65	5.9998
134.75	-30.65	2.0006
134.95	-30.65	7.61792533698
135	-30.65	8.01194725
135.2	-30.65	19.3333333333
135.25	-30.65	40
135.3	-30.65	16
135.4	-30.65	42
138.15	-30.65	307
138.2	-30.65	6.0005
138.4	-30.65	8.72909553963
138.45	-30.65	0.763102271667
138.8	-30.65	0
139.2	-30.65	2.462131285
139.35	-30.65	59.2
130.4	-30.7	148
132	-30.7	65
132.05	-30.7	17
132.1	-30.7	5.5
132.15	-30.7	18
132.4	-30.7	72
132.55	-30.7	25.5
132.75	-30.7	72
132.8	-30.7	44
132.85	-30.7	51
132.95	-30.7	30
133	-30.7	28.5506
133.05	-30.7	36
133.2	-30.7	8.66666666667
133.25	-30.7	20
133.5	-30.7	12
133.75	-30.7	45.3333333333
133.85	-30.7	20.6666666667
134.15	-30.7	1.000007893
134.5	-30.7	49
134.55	-30.7	1.96105560032
134.6	-30.7	25
134.65	-30.7	9
134.7	-30.7	4.9999
134.85	-30.7	110.666666667
134.9	-30.7	66.3333333333
134.95	-30.7	1.91981024643
135	-30.7	2.85016510833
135.1	-30.7	1.499985
135.2	-30.7	13
135.25	-30.7	61.6666666667
135.35	-30.7	32
135.4	-30.7	4.99995
138.15	-30.7	2.6666959
138.35	-30.7	114
138.4	-30.7	0.00058706
138.45	-30.7	4.00003046667
138.75	-30.7	0.000368661666667
138.8	-30.7	4.80448250464
139.2	-30.7	2.92781005812
139.25	-30.7	0.000123435294118
139.35	-30.7	33.3
140.4	-30.7	165
141.05	-30.7	177.6
132	-30.75	46
132.05	-30.75	38.1325
132.1	-30.75	37.42
132.65	-30.75	42
132.95	-30.75	18
133	-30.75	12
133.05	-30.75	54
133.1	-30.75	32
133.25	-30.75	14
133.4	-30.75	18
133.7	-30.75	22.7931068966
133.75	-30.75	26.4706117647
134.2	-30.75	31
134.4	-30.75	1.7387725
134.45	-30.75	22.7365720497
134.5	-30.75	15.6206891251
134.55	-30.75	74.25
134.7	-30.75	6
134.8	-30.75	61.3333333333
135.05	-30.75	3.0001
135.15	-30.75	19.5
135.2	-30.75	8.66672331333
135.25	-30.75	3.4
135.3	-30.75	80
135.35	-30.75	30.6666666667
136.75	-30.75	29.6
137.25	-30.75	44.4
138.1	-30.75	0.000100883333333
138.15	-30.75	0
138.35	-30.75	76
138.6	-30.75	0.00013855
138.65	-30.75	0.001276
138.7	-30.75	5.0829
140.45	-30.75	194
131.55	-30.8	591
131.7	-30.8	88
131.8	-30.8	26
131.9	-30.8	17
131.95	-30.8	34.5
132	-30.8	44.5
132.05	-30.8	24
132.1	-30.8	35.75
132.15	-30.8	17.5
132.75	-30.8	20
132.8	-30.8	32
132.85	-30.8	16.749975
133.05	-30.8	43
133.15	-30.8	48.6666666667
133.2	-30.8	67
133.35	-30.8	8
134.15	-30.8	35
134.35	-30.8	46
134.4	-30.8	3.86875
134.5	-30.8	6.7999772
134.55	-30.8	20.3777815556
134.6	-30.8	16.92
134.65	-30.8	17.8163504375
134.7	-30.8	23.0434826087
134.75	-30.8	30
134.8	-30.8	59.6
134.85	-30.8	23.8888777778
134.9	-30.8	15
135.15	-30.8	96
135.2	-30.8	9.6
135.25	-30.8	8
137.15	-30.8	29.6
138.15	-30.8	5.14331294
138.25	-30.8	29.6
138.3	-30.8	0
138.35	-30.8	6.66733304333
138.6	-30.8	6.42177777778e-05
131.65	-30.85	65
131.75	-30.85	76
131.85	-30.85	22
131.9	-30.85	9
132	-30.85	10
132.05	-30.85	3
132.1	-30.85	14
132.15	-30.85	16.33335
132.2	-30.85	34
132.25	-30.85	67.25
132.75	-30.85	30
132.8	-30.85	56
132.9	-30.85	82
133.05	-30.85	29
133.25	-30.85	49
133.3	-30.85	50
134.15	-30.85	17
134.45	-30.85	17.9999888889
134.5	-30.85	16.7499634125
134.55	-30.85	15.3333333333
134.6	-30.85	28
134.65	-30.85	12.89999
134.7	-30.85	10.00005
134.75	-30.85	6
134.8	-30.85	17
134.85	-30.85	31.5
135	-30.85	1.310543125
136.2	-30.85	98
138.15	-30.85	0.000255061666667
138.2	-30.85	74
138.25	-30.85	22
138.3	-30.85	14
138.35	-30.85	0.838929021333
138.4	-30.85	0.000260865
132	-30.9	34
132.05	-30.9	4
132.1	-30.9	8.316
132.15	-30.9	13.3333333333
132.35	-30.9	78
132.7	-30.9	66
133.3	-30.9	38
133.35	-30.9	28.8333333333
133.45	-30.9	69
134.75	-30.9	19
134.85	-30.9	11.187503125
134.95	-30.9	4.60623333333
135	-30.9	3.76666666667e-05
135.05	-30.9	16.899
135.1	-30.9	18
136.35	-30.9	33.3
138.15	-30.9	0
138.2	-30.9	77
138.25	-30.9	72.6666666667
138.3	-30.9	78
138.35	-30.9	6.515262918
138.4	-30.9	3.95714285714e-05
131.75	-30.95	104
131.85	-30.95	92
132	-30.95	69
132.15	-30.95	30.5
132.2	-30.95	26
132.35	-30.95	39.125
132.4	-30.95	24.6428571429
132.45	-30.95	23.5555555556
132.5	-30.95	15.75
132.75	-30.95	60
133	-30.95	6.34875
134.9	-30.95	6.94035294118
134.95	-30.95	7.4161875
135.5	-30.95	14.8
135.55	-30.95	8.5e-07
138.15	-30.95	49.9502115775
138.45	-30.95	0
138.5	-30.95	2.57096666667
138.65	-30.95	0.000432712857143
138.9	-30.95	0.0010133
132	-31	82
132.05	-31	27
132.1	-31	15
132.15	-31	30
132.2	-31	12.7078564286
132.25	-31	25.29998
132.55	-31	84
132.6	-31	32
132.65	-31	37.5
133.85	-31	41
134.6	-31	65.5
134.8	-31	3.14574285714
134.85	-31	5.81185043478
136.9	-31	40.7
138.6	-31	0.000107364
138.85	-31	0
138.9	-31	3.001
139.15	-31	0.000160098571429
139.2	-31	1.98185960351
139.25	-31	0.001453
140.3	-31	90
131.9	-31.05	59.5
131.95	-31.05	48
132.1	-31.05	30
132.15	-31.05	9
132.2	-31.05	20
132.25	-31.05	10
132.3	-31.05	5.66663333333
132.35	-31.05	10.1428557143
132.4	-31.05	13
132.5	-31.05	66
132.55	-31.05	47.0023333333
132.6	-31.05	93
132.65	-31.05	52.5
132.7	-31.05	66
132.75	-31.05	58
134.1	-31.05	68
134.15	-31.05	52
134.2	-31.05	5.4444
134.25	-31.05	48
134.45	-31.05	38.5
134.6	-31.05	78
134.65	-31.05	40
134.7	-31.05	14.4141428571
134.75	-31.05	8.5403
134.85	-31.05	2.90195285714
135.1	-31.05	0.921635027273
135.15	-31.05	5.83842700833
138.65	-31.05	0
138.8	-31.05	3.41885
138.85	-31.05	10.680912455
138.9	-31.05	2.67256841143
138.95	-31.05	3.0002
140.25	-31.05	81.5
140.3	-31.05	94
131.9	-31.1	62
131.95	-31.1	38
132.1	-31.1	45.5
132.15	-31.1	39.5
132.3	-31.1	9
132.35	-31.1	21
132.4	-31.1	13.3333333333
132.45	-31.1	5.9999
134.3	-31.1	31.5
134.45	-31.1	52.5
134.65	-31.1	22.00002
134.7	-31.1	18.2894782609
134.75	-31.1	9.5
134.85	-31.1	15
134.95	-31.1	15
135.05	-31.1	3.36808
135.1	-31.1	1.04211872308
135.15	-31.1	0.833307183333
135.3	-31.1	1.399994
135.7	-31.1	5.0001
138.65	-31.1	1.0001
138.7	-31.1	22.2
138.9	-31.1	21.238
139.05	-31.1	17.7142
140.15	-31.1	231
140.3	-31.1	85.3333333333
140.35	-31.1	80
140.65	-31.1	216
132.1	-31.15	51
132.45	-31.15	17.00015
134.45	-31.15	44.6
134.7	-31.15	6.301308068
134.75	-31.15	11.9873254348
135.25	-31.15	35.1666666667
135.3	-31.15	10.0000096267
138.35	-31.15	284
138.7	-31.15	12
138.85	-31.15	0
139.1	-31.15	7.0001
140.2	-31.15	83
140.25	-31.15	48
140.3	-31.15	67.5
140.35	-31.15	56
140.4	-31.15	24
140.45	-31.15	20
140.55	-31.15	34.6666666667
140.6	-31.15	74.1079230769
140.7	-31.15	99
131.7	-31.2	64
131.75	-31.2	100
132.5	-31.2	30.99995
132.75	-31.2	74.6
134.75	-31.2	39.9167142857
134.8	-31.2	33.98375
134.85	-31.2	5
134.95	-31.2	6.35295294118
135.1	-31.2	2.28575
135.25	-31.2	33
135.8	-31.2	9.9999
136	-31.2	17.5
138.85	-31.2	0.534383592308
139.25	-31.2	143
139.3	-31.2	233.9
139.4	-31.2	201.8
139.8	-31.2	148
140.2	-31.2	65
140.25	-31.2	62.4
140.3	-31.2	59.2285714286
140.35	-31.2	69.3333333333
140.4	-31.2	25.3333333333
140.45	-31.2	34.7517241379
140.5	-31.2	48.0077777778
140.55	-31.2	50.3103448276
140.6	-31.2	66.07084
140.65	-31.2	98.25
131.7	-31.25	139
131.8	-31.25	110.5
131.9	-31.25	64.8
131.95	-31.25	47.0269166667
132	-31.25	60.2
132.05	-31.25	67.5
132.6	-31.25	7
132.65	-31.25	106
132.7	-31.25	93
132.75	-31.25	90.5
132.8	-31.25	44.8571428571
132.85	-31.25	36.4285785714
132.9	-31.25	81
134.95	-31.25	4.2500155
135	-31.25	13.7855133333
135.05	-31.25	12.1531666667
135.15	-31.25	7.66663333333
135.2	-31.25	2.8798716
136.05	-31.25	28
136.15	-31.25	29.6
136.7	-31.25	29.6
137.25	-31.25	29.6
138.25	-31.25	296
138.3	-31.25	192.4
138.55	-31.25	0.0023886
139.1	-31.25	146
140.15	-31.25	391
140.2	-31.25	54
140.25	-31.25	50
140.3	-31.25	67
140.35	-31.25	32.5
140.4	-31.25	25.8333333333
140.45	-31.25	30
140.5	-31.25	40
140.55	-31.25	54.741
140.6	-31.25	78.3982608696
140.65	-31.25	69
141.25	-31.25	0
131.85	-31.3	70
132.1	-31.3	88.402
132.25	-31.3	28
132.3	-31.3	54
132.5	-31.3	43.5
132.55	-31.3	42
132.6	-31.3	28
132.65	-31.3	49
132.75	-31.3	69
132.8	-31.3	71.5
132.85	-31.3	41.1666666667
132.9	-31.3	50
132.95	-31.3	85.5
133	-31.3	104
133.45	-31.3	69
133.5	-31.3	57.3333333333
135.1	-31.3	18.8736
135.25	-31.3	25.99985
135.3	-31.3	18.4666666667
138.45	-31.3	444
138.95	-31.3	0.726507069091
140.1	-31.3	73
140.25	-31.3	60
140.55	-31.3	55.5683076923
140.6	-31.3	64.6666666667
131.65	-31.35	142
131.85	-31.35	52
132.1	-31.35	70
132.55	-31.35	53
132.6	-31.35	58.5
132.65	-31.35	49
132.7	-31.35	29
132.75	-31.35	57.5
133.5	-31.35	54.2
134.3	-31.35	28
134.35	-31.35	50
138.55	-31.35	0.00018185
138.8	-31.35	0.0015431
138.85	-31.35	8.8178
139	-31.35	66
139.2	-31.35	79
140.45	-31.35	74
140.5	-31.35	80.2580645161
140.55	-31.35	52.0495428571
140.6	-31.35	62.0236829268
140.65	-31.35	52.5
140.7	-31.35	47
140.75	-31.35	70.5
140.9	-31.35	546
131.55	-31.4	110
132.5	-31.4	80
132.55	-31.4	71
132.6	-31.4	44.5
132.65	-31.4	63.6666666667
132.75	-31.4	46.5
132.8	-31.4	33.08503
133.55	-31.4	47
134.35	-31.4	55
138.75	-31.4	0.000443835384615
139.3	-31.4	20.4862979857
139.8	-31.4	148
139.9	-31.4	519
140.2	-31.4	70.75
140.4	-31.4	64.5
140.45	-31.4	66.7894736842
140.5	-31.4	77.8947368421
140.6	-31.4	67
140.65	-31.4	36.5
140.7	-31.4	34
141	-31.4	142
130.05	-31.45	423
132.3	-31.45	91
132.4	-31.45	19.59998
132.45	-31.45	18.4737
132.5	-31.45	66.6666666667
132.55	-31.45	33
132.6	-31.45	14.99995
132.65	-31.45	45.8
132.7	-31.45	88.5
132.75	-31.45	38.5
132.8	-31.45	41.4999916667
133.55	-31.45	20
134.4	-31.45	42
136.3	-31.45	22.2
140.25	-31.45	445
140.4	-31.45	59.3333333333
140.45	-31.45	146
140.5	-31.45	120
140.95	-31.45	135
141	-31.45	136
131.55	-31.5	140
132	-31.5	84
132.15	-31.5	84
132.4	-31.5	27
132.55	-31.5	40
132.6	-31.5	34
132.65	-31.5	9.9999
132.7	-31.5	7
132.8	-31.5	29.5
133.55	-31.5	69
134.5	-31.5	12
136.5	-31.5	0
137	-31.5	18.5
138.1	-31.5	554.9
140.45	-31.5	87
140.5	-31.5	77.1428571429
140.55	-31.5	53.75
140.6	-31.5	43.1428571429
140.65	-31.5	37.00000021
140.7	-31.5	36
140.75	-31.5	52
130.6	-31.55	1341
132.5	-31.55	78.3333333333
132.55	-31.55	56.4244444444
132.65	-31.55	26.6666666667
132.7	-31.55	16.25
132.75	-31.55	5
133	-31.55	40.6666666667
136.4	-31.55	199
137.45	-31.55	25.9
140.45	-31.55	76
140.5	-31.55	90.8
140.55	-31.55	97.3191489362
140.6	-31.55	86.3636363636
140.65	-31.55	93.4615384615
140.75	-31.55	39.815
132.6	-31.6	32.6249875
132.65	-31.6	21.749975
132.7	-31.6	20.1666666667
132.75	-31.6	12
132.8	-31.6	16.00005
132.9	-31.6	13.8181818182
132.95	-31.6	13.25
133	-31.6	14.000025
133.3	-31.6	13.0681977273
134.75	-31.6	6.2460875
134.8	-31.6	27.2213015873
135.15	-31.6	0
135.35	-31.6	0.666433333333
136.35	-31.6	35.6666666667
136.4	-31.6	187
138.9	-31.6	14.8
140.4	-31.6	59.8333333333
140.45	-31.6	15
140.55	-31.6	58
140.6	-31.6	94.1111111111
140.65	-31.6	109.5
140.8	-31.6	66.1826086957
140.85	-31.6	62.6666666667
140.95	-31.6	86.7255
141	-31.6	96
132.05	-31.65	69
132.1	-31.65	70
132.65	-31.65	9.60002
132.7	-31.65	30.2222222222
132.75	-31.65	19
132.8	-31.65	10.3333333333
132.9	-31.65	40
132.95	-31.65	29.6153846154
133	-31.65	24
134.45	-31.65	7
134.8	-31.65	14.2796831579
137	-31.65	44.4
137.05	-31.65	29.6
138.8	-31.65	24.81265
139.2	-31.65	0
139.55	-31.65	88.8
140.2	-31.65	44
140.25	-31.65	55
140.35	-31.65	61
140.45	-31.65	44
140.5	-31.65	48.80002
140.6	-31.65	109.333333333
140.65	-31.65	122
140.7	-31.65	65.1111111111
140.75	-31.65	81.3532
140.8	-31.65	64.266516129
140.85	-31.65	64.4993333333
140.9	-31.65	51.127
140.95	-31.65	80
141	-31.65	111.7375
132.15	-31.7	92
132.55	-31.7	45
132.7	-31.7	19.7142857143
132.8	-31.7	10.0000125
132.95	-31.7	52.0833333333
133.2	-31.7	38
133.75	-31.7	10
134.6	-31.7	19.3333333333
134.65	-31.7	44.5277142857
134.7	-31.7	38.915
134.8	-31.7	15.9776564626
135.4	-31.7	16.92744
135.65	-31.7	14.8
137.25	-31.7	14.8
138.3	-31.7	2.66667116667
138.4	-31.7	77
138.7	-31.7	0
138.75	-31.7	0.000153318333333
139.9	-31.7	779
139.95	-31.7	88.8
140.15	-31.7	39.6666666667
140.2	-31.7	18.6666666667
140.4	-31.7	69
140.45	-31.7	52.5714285714
140.5	-31.7	57.0434782609
140.55	-31.7	58.53725
140.65	-31.7	110.6
140.7	-31.7	70.0303030303
140.75	-31.7	101.271875
140.8	-31.7	104.142857143
140.85	-31.7	108
140.95	-31.7	109.319666667
141	-31.7	124.023333333
132.15	-31.75	62
132.2	-31.75	50.6666666667
132.55	-31.75	52
132.6	-31.75	38
133	-31.75	70
133.15	-31.75	37
134.65	-31.75	48.0567222222
134.7	-31.75	38.7172222222
134.8	-31.75	34.4534545455
135.2	-31.75	0
135.45	-31.75	1.0001
135.55	-31.75	0
136.3	-31.75	133
136.45	-31.75	14.8
138.05	-31.75	189.5
138.15	-31.75	101
138.3	-31.75	47.875
138.45	-31.75	1.33336666667
138.8	-31.75	6.94933333333e-05
139.4	-31.75	74
139.75	-31.75	60.3333333333
139.8	-31.75	44.75
139.85	-31.75	32
139.9	-31.75	33.6666666667
139.95	-31.75	49.6666666667
140.1	-31.75	54.82864
140.15	-31.75	45.073
140.45	-31.75	45.7142857143
140.5	-31.75	28.55269375
140.55	-31.75	59.9041506849
140.6	-31.75	69.5
140.65	-31.75	78.6666666667
140.7	-31.75	99.7268484848
140.75	-31.75	104.117647059
140.8	-31.75	64.6666666667
140.85	-31.75	93.561
140.9	-31.75	62.8785
140.95	-31.75	40.168
141	-31.75	79.4835
141.2	-31.75	88.8
132.2	-31.8	41.4405
132.25	-31.8	32.9521666667
132.6	-31.8	40
132.65	-31.8	20.2857285714
132.7	-31.8	35.25
132.75	-31.8	60.4
132.8	-31.8	44
133	-31.8	3.7
133.5	-31.8	5.11766470588
134.75	-31.8	57.3308421053
134.8	-31.8	25.76885
136.3	-31.8	23
138.4	-31.8	11
138.7	-31.8	0
138.75	-31.8	1.31262136375
138.8	-31.8	5.63215
139.15	-31.8	0
139.2	-31.8	0.591170733333
139.7	-31.8	48.6666666667
139.75	-31.8	33.8749875
139.8	-31.8	40
139.85	-31.8	23.2
139.95	-31.8	51.5
140	-31.8	55.113
140.1	-31.8	15
140.15	-31.8	102
140.2	-31.8	5.54547272727
140.25	-31.8	5.00002
140.3	-31.8	5.19408525
140.35	-31.8	4.959097115
140.4	-31.8	1.70942747524
140.5	-31.8	15.99995
140.55	-31.8	11.1363659091
140.6	-31.8	36.8
140.65	-31.8	54.3888888889
140.75	-31.8	65
140.8	-31.8	88.3333333333
140.85	-31.8	104.757857143
140.9	-31.8	44.5332
140.95	-31.8	16.5375
141	-31.8	41
132.25	-31.85	28.5
132.6	-31.85	20
132.85	-31.85	56.6666666667
132.9	-31.85	34
132.95	-31.85	24
133.05	-31.85	13.5
133.15	-31.85	19
133.25	-31.85	33
133.5	-31.85	3.90002
133.55	-31.85	9.16666666667
133.6	-31.85	23.2033333333
133.65	-31.85	35
133.7	-31.85	12.749975
133.8	-31.85	4.40002
134.9	-31.85	22.8571428571
135.15	-31.85	24
135.2	-31.85	9.55512380952
135.25	-31.85	11
138.15	-31.85	2.50015
138.3	-31.85	18.5
138.4	-31.85	11
138.45	-31.85	61
138.6	-31.85	34.5
138.65	-31.85	5.69756227111
139.15	-31.85	0.630038414444
139.6	-31.85	2
139.7	-31.85	14.2142142857
139.75	-31.85	3.000056
139.8	-31.85	16.1428714286
139.85	-31.85	16.19998
139.9	-31.85	5.0003
139.95	-31.85	50
140	-31.85	45.5
140.05	-31.85	24.6666666667
140.1	-31.85	29.6666666667
140.15	-31.85	22.5
140.2	-31.85	14.6667
140.25	-31.85	2.05110579
140.3	-31.85	3.78257815462
140.35	-31.85	0.400030798
140.4	-31.85	1.69836734
140.55	-31.85	37.125
140.6	-31.85	23.1818181818
140.65	-31.85	64
140.7	-31.85	11.0004
140.75	-31.85	55.75
140.8	-31.85	78.5
140.85	-31.85	106
140.9	-31.85	73.5555555556
140.95	-31.85	51.5986666667
132.2	-31.9	155
132.35	-31.9	16
132.9	-31.9	45.2
132.95	-31.9	30.25
133	-31.9	18
133.1	-31.9	18
133.15	-31.9	12.75
133.2	-31.9	37
133.25	-31.9	16
133.3	-31.9	37
133.4	-31.9	11
133.45	-31.9	17
133.6	-31.9	23.375875
133.65	-31.9	37.6666666667
133.7	-31.9	11.99995
133.75	-31.9	15.7777777778
133.8	-31.9	17.4285886857
133.85	-31.9	26
134.6	-31.9	26.6371666667
134.65	-31.9	14
135.15	-31.9	0.9982425
135.2	-31.9	14.6666666667
136.5	-31.9	106
137.55	-31.9	18.5
138.25	-31.9	60
138.45	-31.9	0.00018803
138.55	-31.9	32
138.6	-31.9	95.4995
139.2	-31.9	17.171
139.3	-31.9	65.753
139.55	-31.9	69.5
139.6	-31.9	68
139.65	-31.9	54
139.7	-31.9	20.16665
139.75	-31.9	6.5
139.8	-31.9	9.75005
140.2	-31.9	8.69836090488
140.25	-31.9	0.50043512375
140.45	-31.9	3.28340027
140.55	-31.9	12.3565538462
140.6	-31.9	6.0001
140.7	-31.9	32
140.9	-31.9	100
141.05	-31.9	14.8
133	-31.95	11
133.05	-31.95	18
133.15	-31.95	16
133.25	-31.95	9
133.5	-31.95	6.0001
133.55	-31.95	16
133.65	-31.95	17.6666722222
133.7	-31.95	42
133.75	-31.95	28.625
133.8	-31.95	22
133.85	-31.95	29
134.3	-31.95	78
134.35	-31.95	75.5
134.4	-31.95	73
134.45	-31.95	55
134.6	-31.95	14
134.7	-31.95	30.2575
135.15	-31.95	3.6613
135.2	-31.95	6
135.3	-31.95	3.57040714286
136.6	-31.95	140
137.05	-31.95	18.5
138.05	-31.95	74
138.35	-31.95	20
138.45	-31.95	0.0001164825
138.5	-31.95	20
138.55	-31.95	85.5
138.6	-31.95	71.999
139.2	-31.95	1.9197274
139.25	-31.95	3.40334641308
139.3	-31.95	47.5692
139.6	-31.95	66.75
139.65	-31.95	42.75
139.7	-31.95	9.41655833333
139.75	-31.95	3.499975
139.95	-31.95	5.19998
140.05	-31.95	9
140.15	-31.95	2.35835
140.2	-31.95	0.257998447045
140.45	-31.95	0.000631933333333
140.5	-31.95	4.21449388333
140.55	-31.95	2.125043005
140.6	-31.95	4.05555
140.65	-31.95	12.8
140.7	-31.95	59
140.9	-31.95	93
140.95	-31.95	91
141	-31.95	11.22784
133.2	-32	31
133.3	-32	12.25505
133.75	-32	20
133.95	-32	10
134	-32	10
134.05	-32	24
134.1	-32	20.8889
134.25	-32	22
134.3	-32	42
134.35	-32	110.021276596
134.4	-32	85.8620689655
134.45	-32	32.2
134.5	-32	48
135.85	-32	4.0001
136.6	-32	13.6
138.5	-32	43
138.55	-32	50
138.9	-32	10.999825
139.5	-32	0.189708572222
139.55	-32	1.8384873735
139.7	-32	49
139.75	-32	14.0004
139.8	-32	3.97444203051
139.85	-32	0.7505357775
139.95	-32	3.3749625
140	-32	8.5
140.05	-32	12.99998
140.1	-32	4.33336666667
140.15	-32	11.4285857143
140.5	-32	7.92301292269
140.55	-32	27
140.6	-32	3.31249041667
140.65	-32	3.249991
140.75	-32	26
140.8	-32	17
140.85	-32	7.7856
140.9	-32	9
133	-32.05	47.5
133.1	-32.05	37
133.25	-32.05	17.5
133.45	-32.05	17
133.55	-32.05	25
133.75	-32.05	14.1538461538
134.05	-32.05	17
134.1	-32.05	16
134.15	-32.05	11.3333266667
134.2	-32.05	18.4210526316
134.25	-32.05	36.5
134.3	-32.05	84.75
134.35	-32.05	108.451282051
134.4	-32.05	53.1176470588
134.45	-32.05	26.1666666667
134.5	-32.05	59.1
134.55	-32.05	100.571428571
134.6	-32.05	119.333333333
135.55	-32.05	7.00005
135.9	-32.05	2.9999223
136.35	-32.05	10.6667
138.2	-32.05	0.571394684286
138.3	-32.05	0.000227952222222
138.5	-32.05	46
138.85	-32.05	7.00015
138.9	-32.05	7.512250725
138.95	-32.05	20.6
139	-32.05	30.499975
139.5	-32.05	2
139.55	-32.05	4.99823111111
139.65	-32.05	2
139.8	-32.05	0.000439283846154
139.85	-32.05	0.00010909
140.1	-32.05	16
140.15	-32.05	16
140.35	-32.05	2.16945
140.5	-32.05	3.2400116
140.6	-32.05	1.78091122259
140.65	-32.05	1.78789609394
140.75	-32.05	21
140.9	-32.05	7.4008
141	-32.05	9.5184
133.3	-32.1	10
133.35	-32.1	24
133.45	-32.1	24
133.7	-32.1	9.7500125
133.75	-32.1	12.9999947368
134.1	-32.1	50
134.25	-32.1	50.1111111111
134.3	-32.1	84.6
134.35	-32.1	85.3913043478
134.4	-32.1	61.625
134.45	-32.1	78.2307692308
134.5	-32.1	107.592592593
134.55	-32.1	81.4
134.6	-32.1	46
134.65	-32.1	10
134.85	-32.1	8.25
134.9	-32.1	14.5
135.25	-32.1	34.6673333333
135.3	-32.1	2.249900965
135.35	-32.1	28.0909090909
135.55	-32.1	1.9999
135.6	-32.1	15.9999333333
136.3	-32.1	18
137.2	-32.1	14.8
138.25	-32.1	68
138.3	-32.1	0
138.4	-32.1	82.9995
138.8	-32.1	6.66654042667
138.85	-32.1	4.20003923
138.9	-32.1	2.00008333333
139.2	-32.1	76
139.25	-32.1	34
139.4	-32.1	7
139.45	-32.1	2.23e-05
140.15	-32.1	7.99982857143
140.2	-32.1	8.52622105263
140.25	-32.1	0.000220125
140.3	-32.1	0.000431584
140.35	-32.1	0.697640906
140.4	-32.1	0.211390111538
140.7	-32.1	25.10775
140.8	-32.1	18.45
133.65	-32.15	3.47
133.7	-32.15	35
134.1	-32.15	52
134.2	-32.15	67
134.25	-32.15	90.8333333333
134.3	-32.15	124
134.45	-32.15	90.5
134.5	-32.15	60
134.6	-32.15	110
134.65	-32.15	32
134.7	-32.15	56
134.8	-32.15	20.25
134.85	-32.15	19.3448275862
134.9	-32.15	6.83334166667
135.1	-32.15	7.4
135.3	-32.15	2.249875
135.5	-32.15	8.9998
135.55	-32.15	24
135.6	-32.15	2.0002
135.7	-32.15	14.8
135.75	-32.15	1.9997
136.3	-32.15	26
136.4	-32.15	37
136.45	-32.15	9.4
136.85	-32.15	237
136.9	-32.15	196
138.05	-32.15	35.573
138.1	-32.15	0.002448475
138.25	-32.15	104
138.3	-32.15	8.0001
138.4	-32.15	148.3086
138.75	-32.15	2.0001
139.35	-32.15	8
139.65	-32.15	8
140.2	-32.15	5.00051695
140.6	-32.15	8.25
140.65	-32.15	26
140.7	-32.15	7.29999
140.9	-32.15	0.799965406
140.95	-32.15	3.23315
141	-32.15	3.66665
134.1	-32.2	52
134.15	-32.2	95
134.2	-32.2	114.8
134.25	-32.2	121
134.3	-32.2	88
135.7	-32.2	0.0002456
135.75	-32.2	3.000069996
135.8	-32.2	2.58281
136.5	-32.2	4.0003
136.7	-32.2	6
137.25	-32.2	74
138.05	-32.2	7.66205
138.25	-32.2	99.5
138.55	-32.2	0
138.7	-32.2	0.00063274
138.85	-32.2	29.6
139.35	-32.2	9
139.5	-32.2	1.50017
139.7	-32.2	5.63636732727
140	-32.2	0.00011234
140.15	-32.2	0
140.2	-32.2	0.00015015
140.3	-32.2	2.399926
140.45	-32.2	1.1622103486
140.5	-32.2	0.444250642187
140.55	-32.2	3.6491528225
140.6	-32.2	2.7727385
140.65	-32.2	26
140.95	-32.2	2.3283059165
141.15	-32.2	14.8
134.2	-32.25	120
134.25	-32.25	39.2
134.3	-32.25	58
134.35	-32.25	47
134.95	-32.25	24
135	-32.25	47.3333333333
135.05	-32.25	80
135.6	-32.25	1.9999
135.65	-32.25	0
135.8	-32.25	3.0001
136.6	-32.25	9.33333333333
136.65	-32.25	2
136.75	-32.25	2.99993333333
136.8	-32.25	5.9999
136.9	-32.25	60
136.95	-32.25	150
137	-32.25	167
137.95	-32.25	7.0002
138.25	-32.25	34.9998
139.3	-32.25	3.00005
139.35	-32.25	1.24995875
139.45	-32.25	3.73333333333e-05
139.5	-32.25	5.675e-05
139.55	-32.25	0.000184295
139.6	-32.25	0.000224826
139.65	-32.25	5.2e-06
139.7	-32.25	3.19064585027
140.05	-32.25	1.268e-05
140.25	-32.25	0.499036385455
140.3	-32.25	0.575870035833
140.5	-32.25	1.00001958957
140.55	-32.25	0.000268325833333
140.6	-32.25	1.240000832
140.65	-32.25	4.464355625
140.7	-32.25	21.6666666667
140.75	-32.25	72
140.8	-32.25	3.000091012
140.85	-32.25	1.43378935
140.9	-32.25	0.4999125
140.95	-32.25	1.10641236545
134.2	-32.3	39.6666666667
134.25	-32.3	29.5
134.3	-32.3	54.4
134.35	-32.3	64.25
134.4	-32.3	48
134.55	-32.3	76
135	-32.3	33
135.05	-32.3	37.6
135.1	-32.3	30.5714285714
135.15	-32.3	39
135.2	-32.3	9.9998
135.25	-32.3	3.9995
136.05	-32.3	5.5004045775
136.85	-32.3	26.7725
136.9	-32.3	58.8488
136.95	-32.3	120.75
137.95	-32.3	3.19296865
138.25	-32.3	7.499085
138.3	-32.3	1.50020071
138.6	-32.3	0
139.35	-32.3	0
139.4	-32.3	5.38e-05
139.45	-32.3	0.329708311667
139.5	-32.3	3.7449375e-05
139.55	-32.3	0.000129042222222
139.6	-32.3	0.00011295
139.65	-32.3	0.0002458
139.85	-32.3	0
139.9	-32.3	0
140.4	-32.3	0
140.55	-32.3	1.41962634578
140.65	-32.3	1.35531563917
140.75	-32.3	28.2879527333
140.8	-32.3	1.5500573135
140.85	-32.3	1.77446295927
140.9	-32.3	1.44315259489
140.95	-32.3	0.919563860588
141	-32.3	1.33365193333
134.4	-32.35	22
134.9	-32.35	76.5
135.3	-32.35	27.04945
135.35	-32.35	2
135.55	-32.35	20
135.6	-32.35	23
135.7	-32.35	36.6666666667
135.95	-32.35	21
136	-32.35	34
136.1	-32.35	7.19986
136.7	-32.35	9
137.4	-32.35	62
137.95	-32.35	0.0014862
138.25	-32.35	10.500024025
138.55	-32.35	2
139.4	-32.35	0.00014624
139.45	-32.35	0
139.8	-32.35	0.148965786923
139.85	-32.35	0.138451954286
139.9	-32.35	0.619189521667
140.15	-32.35	0.00019345
140.55	-32.35	0.739935514286
140.65	-32.35	1.0001
140.7	-32.35	1.64299590372
140.75	-32.35	3.7183
140.8	-32.35	2.51260728917
140.85	-32.35	2.0002
140.9	-32.35	1.63649251182
140.95	-32.35	6.81983
141	-32.35	3.41649473684
134.55	-32.4	36
134.6	-32.4	26
134.75	-32.4	10
134.8	-32.4	22
134.85	-32.4	96
134.95	-32.4	34
135.1	-32.4	71.75
135.15	-32.4	62
135.4	-32.4	36.5065
135.45	-32.4	17
135.5	-32.4	7.72727664477
135.55	-32.4	3.99995
135.6	-32.4	22.6666666667
135.65	-32.4	16.001
136.65	-32.4	38.001
136.75	-32.4	11
137	-32.4	106
137.3	-32.4	9.00006666667
137.35	-32.4	32.8333352
137.4	-32.4	39.5
138.2	-32.4	102.666666667
138.25	-32.4	72
138.5	-32.4	5.59994
138.55	-32.4	1.99986666667
139.3	-32.4	8.27e-06
139.35	-32.4	0.548713188571
139.4	-32.4	4.55e-05
139.85	-32.4	0.00029136
140.15	-32.4	0.2075448325
140.25	-32.4	0.00048836
140.3	-32.4	6.43666666667e-06
140.7	-32.4	1.3000024475
140.85	-32.4	1.63782555357
140.9	-32.4	2.37496305344
140.95	-32.4	5.3354309375
141	-32.4	3.375025
134.4	-32.45	53.689
134.45	-32.45	21
134.7	-32.45	18.7375409091
134.8	-32.45	9
135.1	-32.45	80
135.4	-32.45	44
135.45	-32.45	30.813
135.5	-32.45	20.6663333333
135.55	-32.45	16
137.3	-32.45	3.0002
137.35	-32.45	12.00004765
137.4	-32.45	21.33335
137.45	-32.45	337
138.2	-32.45	28
138.25	-32.45	27
138.5	-32.45	0.666831728333
138.55	-32.45	0.00023149
139.25	-32.45	0.00010099
139.3	-32.45	0
139.35	-32.45	0
140.9	-32.45	1.5713287
141	-32.45	1.25009399875
134.4	-32.5	49.5045
134.45	-32.5	27.4573
134.6	-32.5	20.09375
134.65	-32.5	20.78974
134.7	-32.5	21.9218
134.75	-32.5	18.9282190476
134.8	-32.5	39
134.9	-32.5	34.6666666667
135.05	-32.5	40
135.1	-32.5	58
135.45	-32.5	11.00035
135.5	-32.5	16
136.5	-32.5	14.8
137.15	-32.5	4.9999
137.35	-32.5	5.99995
137.4	-32.5	28
138.25	-32.5	66
138.3	-32.5	38
138.5	-32.5	10.5621310324
138.9	-32.5	0
139.75	-32.5	0.000206915
139.8	-32.5	0.00033659
139.85	-32.5	0.00015215125
140.7	-32.5	0
140.9	-32.5	0.000156458571429
140.95	-32.5	1.399986
130.85	-32.55	858
135	-32.55	9.99995
137.15	-32.55	1.001
137.2	-32.55	5.9999
137.3	-32.55	2
137.35	-32.55	70
137.65	-32.55	260
138.35	-32.55	28
138.45	-32.55	1.28691140667
138.5	-32.55	4.25395634976
138.9	-32.55	9.98911826
138.95	-32.55	13.00005
139.65	-32.55	3.11e-05
139.7	-32.55	0.000132886363636
139.75	-32.55	0.000861703333333
140.25	-32.55	1.7e-05
140.3	-32.55	6.958975
140.35	-32.55	1.1107556075
140.4	-32.55	6
140.85	-32.55	1.53305
140.9	-32.55	0.0004476
140.95	-32.55	69.0005
134.6	-32.6	29.6
135.15	-32.6	14.8
135.2	-32.6	79
135.25	-32.6	11.6666666667
135.3	-32.6	24
135.65	-32.6	14.8
135.8	-32.6	0.99996
135.85	-32.6	17.99995
135.9	-32.6	7.85711428571
136.15	-32.6	0
136.4	-32.6	6.53858922846
136.45	-32.6	6.9998
136.6	-32.6	4.96888176471
136.65	-32.6	6.59043916833
136.7	-32.6	14.8
136.8	-32.6	24.1448333333
136.85	-32.6	3.4543
136.9	-32.6	2.1925726096
136.95	-32.6	13.7457
137.05	-32.6	4.61e-05
137.1	-32.6	20.9996
137.15	-32.6	5
137.2	-32.6	1
137.25	-32.6	5.8250212875
137.3	-32.6	9.293067085
137.35	-32.6	23.8807166667
137.4	-32.6	82
138.65	-32.6	267.666666667
138.95	-32.6	6.7501
139.45	-32.6	2.00005
139.5	-32.6	3.2499
139.55	-32.6	17
140	-32.6	0
140.65	-32.6	90.6666666667
140.7	-32.6	93.8181818182
140.75	-32.6	73.5
140.9	-32.6	111.285714286
140.95	-32.6	105.615384615
141	-32.6	108
134.85	-32.65	22
135.15	-32.65	40
135.2	-32.65	41.5
135.25	-32.65	16
135.65	-32.65	21.25605
135.7	-32.65	6.7644
135.8	-32.65	7.0000152
135.85	-32.65	5.39981
135.9	-32.65	24
136.05	-32.65	10.0797
136.1	-32.65	42
136.35	-32.65	7.00006666667
136.4	-32.65	8.3280168896
136.45	-32.65	2.92307615385
136.65	-32.65	19.204225
136.7	-32.65	27.4476945486
136.75	-32.65	18.12505209
136.8	-32.65	14.7418833333
136.85	-32.65	4.43565332857
136.9	-32.65	8.87507
136.95	-32.65	6.33583794
137.05	-32.65	15.8822921565
137.1	-32.65	22
137.15	-32.65	1.0005
137.25	-32.65	7.3332
137.3	-32.65	11.9744889474
137.35	-32.65	11.9190264286
137.4	-32.65	53
138.3	-32.65	10.6667333333
138.35	-32.65	1.0003
138.4	-32.65	1.9997
138.6	-32.65	323
138.65	-32.65	262.875
138.95	-32.65	4.0002
139.05	-32.65	1.33343883333
139.35	-32.65	1.73913486957
139.4	-32.65	0
139.6	-32.65	0.37500714875
140.25	-32.65	26.6
140.3	-32.65	31.8
140.4	-32.65	7.11113333333
140.45	-32.65	7.50005
140.6	-32.65	105.5
140.65	-32.65	112.421052632
140.75	-32.65	97.5
140.8	-32.65	114.75
140.85	-32.65	113.333333333
140.9	-32.65	122
134.6	-32.7	117
134.65	-32.7	35
134.7	-32.7	50.5
134.75	-32.7	47
134.95	-32.7	32.8
135	-32.7	8.45834285714
135.1	-32.7	34
135.15	-32.7	33.9922222222
135.2	-32.7	46
135.25	-32.7	44
135.55	-32.7	12
135.6	-32.7	10.3017
135.65	-32.7	37.9216666667
135.8	-32.7	5
135.85	-32.7	6.20001
135.9	-32.7	14.5
136.05	-32.7	3.99996666667
136.1	-32.7	3.66654666667
136.25	-32.7	36.5714428571
136.3	-32.7	17.243725
136.4	-32.7	3.05551274444
136.55	-32.7	0
136.65	-32.7	18
136.7	-32.7	40.2317142857
136.75	-32.7	15.9978
136.8	-32.7	28.4879869565
136.9	-32.7	56
137.05	-32.7	13.1764324418
137.1	-32.7	9.00003333333
137.15	-32.7	4.46237761696
137.25	-32.7	3.50011
137.3	-32.7	4.33333333333
137.35	-32.7	3.86841298226
137.4	-32.7	9.16677543833
138	-32.7	2.4944
139.05	-32.7	4.66656666667
139.35	-32.7	5.19304761905e-05
140.2	-32.7	7.8098767645
140.25	-32.7	5.72216277778
140.3	-32.7	28
140.45	-32.7	9.9999
140.65	-32.7	116.714285714
140.7	-32.7	112.166666667
140.75	-32.7	120.25
140.95	-32.7	123
141.15	-32.7	92.5
134.6	-32.75	37
134.65	-32.75	60.6
134.7	-32.75	43
134.75	-32.75	24.5
134.8	-32.75	57
134.95	-32.75	43
135.15	-32.75	37.7488333333
135.2	-32.75	14
135.25	-32.75	31.3158105263
135.3	-32.75	44
135.55	-32.75	24
135.75	-32.75	26.2884615385
135.95	-32.75	8.44433222222
136.05	-32.75	5.66666666667
136.1	-32.75	14.66666065
136.15	-32.75	9.12500481542
136.2	-32.75	40
136.3	-32.75	37.2608673913
136.35	-32.75	32.3235323529
136.6	-32.75	6.0001
136.65	-32.75	0.86396
136.8	-32.75	20.1818181818
136.95	-32.75	1.9999
137	-32.75	13.8099666667
137.1	-32.75	20.7501678571
137.15	-32.75	15.1707767675
137.3	-32.75	8.66663333333
137.35	-32.75	10.2524537026
137.4	-32.75	8.201529677
138.15	-32.75	7.86512857143
138.6	-32.75	0
139	-32.75	23.999
139.05	-32.75	2.75000248062
139.1	-32.75	13
139.35	-32.75	0.000540553333333
140.2	-32.75	4.45464148455
140.25	-32.75	4.42852
140.3	-32.75	0
140.35	-32.75	2.27e-05
140.5	-32.75	86
140.55	-32.75	87.6666666667
134.15	-32.8	78
134.35	-32.8	37
134.45	-32.8	38
134.5	-32.8	21.5
134.7	-32.8	24.75
134.75	-32.8	21.9687375
134.8	-32.8	64
135.1	-32.8	43
135.15	-32.8	2.33343333333
135.2	-32.8	43
135.25	-32.8	10.1428714286
135.3	-32.8	35.6666666667
135.35	-32.8	41.25
135.45	-32.8	13
135.9	-32.8	13.4
135.95	-32.8	15.3333
136.05	-32.8	4.1749625
136.15	-32.8	21.3333491963
136.2	-32.8	24.0001375
136.3	-32.8	36.8333333333
136.35	-32.8	16.5295117647
136.5	-32.8	35.50005
136.65	-32.8	35.6055
137.1	-32.8	11.9999571429
137.15	-32.8	15.81735
137.35	-32.8	2.3359757825
137.4	-32.8	14.00005
138.35	-32.8	6.66663333333
138.4	-32.8	13
138.7	-32.8	0.001977
140.2	-32.8	0.99999
140.25	-32.8	4.40511125
140.3	-32.8	2.63924613745
140.35	-32.8	3.42377379412
140.4	-32.8	84.05
140.45	-32.8	51
140.55	-32.8	132
140.95	-32.8	133.2
134.2	-32.85	12
134.25	-32.85	30
134.3	-32.85	74
134.35	-32.85	18
134.4	-32.85	28.5
134.45	-32.85	24.25
134.55	-32.85	58.6666666667
134.65	-32.85	71.2
134.7	-32.85	18
134.75	-32.85	15.140628125
134.8	-32.85	20.3529352941
135.15	-32.85	12.6666666667
135.2	-32.85	5.66e-05
135.3	-32.85	14
135.35	-32.85	27.20001
135.4	-32.85	13.3333
135.6	-32.85	18.8118333333
135.65	-32.85	17.0052
135.75	-32.85	30
136.05	-32.85	0
136.15	-32.85	0.99998
136.25	-32.85	12.15839
136.35	-32.85	27.6
136.6	-32.85	30.8333333333
136.65	-32.85	24
136.8	-32.85	70
136.85	-32.85	16.66665
136.9	-32.85	16.75
136.95	-32.85	16.2479
137	-32.85	23.8265
137.35	-32.85	14.95118
137.4	-32.85	10.00003665
138.65	-32.85	24
138.7	-32.85	36
138.8	-32.85	14.8
139.15	-32.85	1.9999
139.2	-32.85	0.0010703
139.25	-32.85	0
139.3	-32.85	3.33366666667
139.4	-32.85	7.38459230769
139.45	-32.85	2.33326333333
139.55	-32.85	16.49995
139.9	-32.85	14.8
139.95	-32.85	42
140.15	-32.85	0.496668127143
140.2	-32.85	17.5
140.35	-32.85	84.3333333333
134.1	-32.9	11.35
134.15	-32.9	10.5
134.2	-32.9	16.9
134.25	-32.9	40
134.3	-32.9	28.8333333333
134.4	-32.9	26
134.45	-32.9	8
134.55	-32.9	34.6666666667
134.6	-32.9	19.0000272727
134.7	-32.9	15.9422961538
134.75	-32.9	17.7941176471
134.8	-32.9	40
134.85	-32.9	38.3333333333
134.9	-32.9	42
135.3	-32.9	14
135.35	-32.9	19.8571428571
135.4	-32.9	21
135.5	-32.9	6
135.6	-32.9	4.00000666667
135.9	-32.9	11
136.15	-32.9	21.4207
136.2	-32.9	3
136.25	-32.9	8.9993
136.35	-32.9	17.80005
136.6	-32.9	37.7682666667
136.65	-32.9	22
136.85	-32.9	27
136.9	-32.9	17.2500125
137.2	-32.9	11.9167083333
137.25	-32.9	2.0002
137.35	-32.9	4.200054
137.4	-32.9	13.8332833333
137.45	-32.9	9
137.5	-32.9	12
138.85	-32.9	64.001
139.05	-32.9	2
139.15	-32.9	0
139.2	-32.9	0.0015358
139.35	-32.9	1.23436202786
139.45	-32.9	5.33346666667
139.55	-32.9	0
139.95	-32.9	1.8602
140	-32.9	9.5308
140.25	-32.9	69
140.3	-32.9	81.5
140.35	-32.9	122.5
140.95	-32.9	137
134.2	-32.95	36
134.4	-32.95	20.1111111111
134.5	-32.95	46
134.55	-32.95	40
134.7	-32.95	13
134.75	-32.95	32
134.95	-32.95	75
135	-32.95	57.2222222222
135.3	-32.95	17.5
135.35	-32.95	6.0003
135.4	-32.95	6
135.6	-32.95	3.44438925926
135.9	-32.95	14.5833333333
136.35	-32.95	17.3334
136.4	-32.95	19.9999666667
136.45	-32.95	10.562495
136.9	-32.95	19.3333333333
137.2	-32.95	17.1189333333
137.25	-32.95	3.17323333333
137.35	-32.95	31.25
137.4	-32.95	17.6
137.45	-32.95	6.59997
137.5	-32.95	14.0000333333
138.05	-32.95	46.3336666667
139.05	-32.95	0.00071572
139.1	-32.95	1.566
139.25	-32.95	2.3336
139.3	-32.95	4.6664
139.4	-32.95	4.21591
139.45	-32.95	2.97613468824
139.5	-32.95	4.970825
139.7	-32.95	8.5405e-05
139.9	-32.95	9.9000489
139.95	-32.95	39.0000333333
140.25	-32.95	100
140.3	-32.95	123.666666667
140.75	-32.95	134
134.15	-33	58
134.25	-33	38
134.4	-33	24
134.55	-33	24
134.65	-33	24
134.7	-33	28.4
134.75	-33	25.3333333333
135.05	-33	38
135.1	-33	41
135.15	-33	29.3333333333
135.2	-33	59
135.25	-33	53.5
135.3	-33	35.5
135.35	-33	41
135.4	-33	6.0001
135.8	-33	6.657e-05
135.85	-33	18.3333666667
136.15	-33	8.9997
136.2	-33	44
136.25	-33	2.9999
136.3	-33	16.4167617125
136.35	-33	28.6666666667
136.8	-33	14.8
136.95	-33	1
137.2	-33	12.4796727273
137.4	-33	18
137.45	-33	7.66665
137.5	-33	9.6665
138.25	-33	13.1284333333
138.7	-33	1.751215
138.75	-33	0.639386666667
138.8	-33	0.62083
138.85	-33	3.41e-05
139.35	-33	6.59998
139.4	-33	4.5
139.45	-33	2.5989125
139.5	-33	2.155689345
139.85	-33	57
140.2	-33	104
140.25	-33	87
140.3	-33	126
140.75	-33	182
140.9	-33	154
134.2	-33.05	33
134.3	-33.05	20
134.35	-33.05	33.125
134.4	-33.05	24.6363636364
134.45	-33.05	10.8
134.5	-33.05	6.00003333333
134.55	-33.05	12.999975
134.6	-33.05	16.5
134.65	-33.05	22.61005
134.7	-33.05	18.999875
134.75	-33.05	22
134.8	-33.05	18.6667
135.05	-33.05	29.5
135.1	-33.05	81
135.15	-33.05	57.0333333333
135.2	-33.05	41
135.4	-33.05	8.9999
135.45	-33.05	29
135.65	-33.05	14.8
135.8	-33.05	25
135.85	-33.05	8.66666666667
135.95	-33.05	14.5714142857
136.2	-33.05	14.8
136.25	-33.05	8
136.3	-33.05	7.72220238778
136.35	-33.05	8.34782173913
136.4	-33.05	13.9382338455
136.45	-33.05	12
137.15	-33.05	8.35778
137.55	-33.05	35.9999
138.25	-33.05	7.0003
138.7	-33.05	1.79738784941
138.75	-33.05	3.75
139.3	-33.05	3.9998
139.35	-33.05	4.00006744222
139.9	-33.05	88
140.1	-33.05	128
140.4	-33.05	123
134.35	-33.1	27.6666666667
134.4	-33.1	6.50005
134.45	-33.1	7.50011666667
134.5	-33.1	9.99996666667
134.55	-33.1	15.5
134.6	-33.1	42.5
134.65	-33.1	32.6666333333
134.7	-33.1	13.4286
134.75	-33.1	3.59988
134.9	-33.1	72
135.05	-33.1	20
135.15	-33.1	47.5
135.25	-33.1	66
135.3	-33.1	45
135.35	-33.1	12
135.4	-33.1	16
135.45	-33.1	23
135.6	-33.1	36
135.75	-33.1	4
135.8	-33.1	23.649
135.95	-33.1	12
136.3	-33.1	4.09996
136.35	-33.1	6.22222777778
136.55	-33.1	3.90013
136.6	-33.1	12.4615653846
136.7	-33.1	60
137.1	-33.1	34
137.15	-33.1	13.997
137.2	-33.1	6.916625
137.25	-33.1	5.00006666667
137.35	-33.1	19.00008
137.4	-33.1	37.02225
138.15	-33.1	0.750559
138.95	-33.1	12.3333
139.45	-33.1	5.1711
139.55	-33.1	1.32022505
140	-33.1	125
140.2	-33.1	189
134.3	-33.15	36
134.55	-33.15	6.5
134.65	-33.15	11.5
134.7	-33.15	8.66666666667
134.85	-33.15	78
135.15	-33.15	44
135.2	-33.15	40
135.35	-33.15	23.3333333333
135.75	-33.15	30.25
135.8	-33.15	13.5
135.85	-33.15	1.9999
135.95	-33.15	30
136.25	-33.15	44.95175
136.3	-33.15	39.38225
136.4	-33.15	14
136.45	-33.15	35
136.6	-33.15	26.1255757576
136.65	-33.15	23.3333333333
136.7	-33.15	20.6665666667
137.1	-33.15	24.6666666667
137.35	-33.15	22
137.4	-33.15	44.3333333333
138.9	-33.15	2.94112717529
138.95	-33.15	18
139.05	-33.15	29.625125
139.25	-33.15	19
139.3	-33.15	15.2500300375
139.4	-33.15	21
139.55	-33.15	0
139.85	-33.15	105
134.8	-33.2	50
134.9	-33.2	64
134.95	-33.2	104
135.15	-33.2	42
135.3	-33.2	69.5
135.4	-33.2	49
135.45	-33.2	34
135.5	-33.2	66
135.6	-33.2	34.2500083333
135.75	-33.2	21.25
135.9	-33.2	39
135.95	-33.2	10.99995
136.15	-33.2	32
136.25	-33.2	41
136.3	-33.2	57
136.4	-33.2	27.9208571429
136.45	-33.2	0
136.6	-33.2	16.3478173913
136.65	-33.2	18.8392903571
136.7	-33.2	45.3333333333
136.75	-33.2	32
137.1	-33.2	16.2855571429
137.2	-33.2	7.66657777778
137.4	-33.2	58
138.2	-33.2	34.003
138.45	-33.2	15.75
138.6	-33.2	19.4
138.9	-33.2	2.8072
138.95	-33.2	7.99999384615
139	-33.2	10
139.1	-33.2	47
139.25	-33.2	19.4285714286
139.3	-33.2	16.000275
139.35	-33.2	9.0001
139.4	-33.2	31.894625
139.45	-33.2	6.55265539342
139.5	-33.2	17.6665647833
139.9	-33.2	110
141.2	-33.2	1164.8
134.9	-33.25	87
135	-33.25	72
135.3	-33.25	68
135.35	-33.25	42.5
135.4	-33.25	40.5
135.45	-33.25	48.5
135.6	-33.25	30.2272727273
135.65	-33.25	38.7727272727
135.7	-33.25	30.25
135.75	-33.25	40.491
135.8	-33.25	16
135.85	-33.25	4.9997
135.9	-33.25	66
135.95	-33.25	43.5
136	-33.25	28.9994
136.05	-33.25	69.25
136.15	-33.25	5.0001
136.2	-33.25	6
136.25	-33.25	50.6666666667
136.3	-33.25	23.62629
136.35	-33.25	43.867
136.4	-33.25	39.542
136.45	-33.25	3.63835
136.55	-33.25	19.4995
136.65	-33.25	24
136.7	-33.25	27
137	-33.25	6.40004
137.05	-33.25	28
137.1	-33.25	30.9995
137.35	-33.25	54
137.4	-33.25	68.5
138.15	-33.25	12
138.35	-33.25	14.8833333333
138.4	-33.25	0
138.5	-33.25	14.582
138.75	-33.25	4.9998
138.9	-33.25	14
139.25	-33.25	25
139.3	-33.25	13.5002333333
139.35	-33.25	12.4
139.4	-33.25	55.3333333333
139.45	-33.25	15.3333222222
139.5	-33.25	21.8571429914
139.8	-33.25	90
139.9	-33.25	149
140.25	-33.25	218
135.45	-33.3	38
135.5	-33.3	60.6666666667
135.7	-33.3	14.3333333333
135.8	-33.3	21.5258375
135.85	-33.3	53.258
135.9	-33.3	29.3636363636
135.95	-33.3	56
136	-33.3	56.5
136.05	-33.3	80
136.1	-33.3	35.5
136.15	-33.3	7.31e-06
136.25	-33.3	65.5
136.3	-33.3	36.707275
136.4	-33.3	29.5676666667
136.45	-33.3	37.4424
136.55	-33.3	2.000143005
136.6	-33.3	31
136.75	-33.3	37
137.1	-33.3	5.9996
137.25	-33.3	2.23255
137.3	-33.3	3.042325
137.35	-33.3	103.2
137.9	-33.3	425
138.3	-33.3	0.600153922
138.35	-33.3	0.472772016667
139	-33.3	1.63333333333e-05
139.2	-33.3	0.600103742
139.25	-33.3	8.28574285714
139.3	-33.3	6.92846357143
139.35	-33.3	46.6
139.4	-33.3	81.1666666667
139.45	-33.3	36.8
139.5	-33.3	42
139.55	-33.3	26
139.6	-33.3	5.00015
139.7	-33.3	10.5001
140	-33.3	207
135.05	-33.35	107
135.2	-33.35	42
135.25	-33.35	45
135.45	-33.35	87
135.65	-33.35	49
135.7	-33.35	32
135.75	-33.35	51
136.05	-33.35	26
136.15	-33.35	43
136.25	-33.35	16.595285
136.3	-33.35	24
136.35	-33.35	2.0001
136.4	-33.35	12.0004333333
136.45	-33.35	36
136.6	-33.35	8.9997
136.7	-33.35	5.2500894
136.75	-33.35	9.99963333333
136.8	-33.35	48
137.3	-33.35	83
137.35	-33.35	96
137.9	-33.35	387.5
138.2	-33.35	2.9993
138.25	-33.35	1.66625
138.3	-33.35	1.0001
138.95	-33.35	1.600792406
139	-33.35	1.33293333333
139.15	-33.35	4.0002
139.2	-33.35	1.250015
139.25	-33.35	2.56243242687
139.3	-33.35	1.55883601676
139.35	-33.35	2
139.4	-33.35	104.5
139.45	-33.35	111.75
139.5	-33.35	78.65
139.55	-33.35	44
139.8	-33.35	94
140.25	-33.35	263
130.75	-33.4	2812
135	-33.4	40
135.15	-33.4	22
135.2	-33.4	27
135.4	-33.4	83
135.5	-33.4	58
135.6	-33.4	92
135.75	-33.4	47
136.1	-33.4	52
136.15	-33.4	39
136.3	-33.4	14.4781
136.35	-33.4	16
136.4	-33.4	12.8888555556
136.45	-33.4	8.9995
136.5	-33.4	5.14289047619
136.55	-33.4	3.99982222222
136.85	-33.4	3.99920333333
137	-33.4	2.0002
137.05	-33.4	6.50045
137.9	-33.4	339
137.95	-33.4	370.5
138.25	-33.4	112
138.55	-33.4	0.573162429375
139.25	-33.4	5.000099925
139.3	-33.4	15.2001
139.35	-33.4	51.125
139.4	-33.4	80
139.45	-33.4	120
139.5	-33.4	59.5
139.55	-33.4	19
139.6	-33.4	18
139.65	-33.4	20.6
139.8	-33.4	94
135.05	-33.45	16
135.1	-33.45	15
135.15	-33.45	24.0005
135.3	-33.45	22
135.45	-33.45	59
135.5	-33.45	34
135.65	-33.45	42
135.75	-33.45	45.8
135.8	-33.45	62
135.85	-33.45	65
136.1	-33.45	2
136.3	-33.45	2.07673223917
136.35	-33.45	3.4299
136.55	-33.45	6.9998
136.65	-33.45	6.49985
136.75	-33.45	7.50035
136.8	-33.45	4.19992
136.85	-33.45	7.28623333333
136.95	-33.45	11.0001333333
137	-33.45	0.00022511
137.2	-33.45	116
137.3	-33.45	135
137.35	-33.45	90
137.95	-33.45	422
138.25	-33.45	117
138.45	-33.45	18
138.55	-33.45	0.000128658
138.9	-33.45	7.4
139.15	-33.45	29
139.2	-33.45	20.9999666667
139.25	-33.45	20.2
139.3	-33.45	44
139.45	-33.45	142
133.9	-33.5	1701
134.9	-33.5	110
135.1	-33.5	24.2666666667
135.3	-33.5	124
135.35	-33.5	156
135.6	-33.5	40
135.65	-33.5	26.4
135.7	-33.5	34.4
135.75	-33.5	46
135.8	-33.5	43
135.85	-33.5	60
135.95	-33.5	55
136	-33.5	63
136.05	-33.5	56
136.2	-33.5	0
136.35	-33.5	7.07638248387
136.4	-33.5	9.62243719246
136.5	-33.5	6.71436428571
136.55	-33.5	5.6001
136.6	-33.5	3.60038
136.65	-33.5	3.7499
136.7	-33.5	14.8
136.75	-33.5	23.00025
136.8	-33.5	8.6665
136.85	-33.5	3.76524901444
136.9	-33.5	2.499
136.95	-33.5	18.1438712971
137.05	-33.5	152.27
138.3	-33.5	14
138.6	-33.5	6
139.15	-33.5	40.6666666667
139.2	-33.5	13.50005
139.4	-33.5	28
139.5	-33.5	87
139.7	-33.5	74.68
134.25	-33.55	3100
135.1	-33.55	64
135.15	-33.55	30
135.2	-33.55	33.6666666667
135.35	-33.55	79
135.4	-33.55	85.5
135.55	-33.55	79
135.7	-33.55	61
135.75	-33.55	94
136	-33.55	102.333333333
136.05	-33.55	124.2
136.1	-33.55	27
136.15	-33.55	70.3333333333
136.3	-33.55	4.5832856225
136.35	-33.55	5.009281274
136.45	-33.55	6.7035886425
136.5	-33.55	2.49395797857
136.55	-33.55	2.1537
136.6	-33.55	2.11120865667
136.65	-33.55	2.800101382
136.8	-33.55	6.22837322
136.85	-33.55	13.250025
136.9	-33.55	5.499825
136.95	-33.55	116
137	-33.55	84
137.05	-33.55	82
138.15	-33.55	29.6
138.25	-33.55	120
138.45	-33.55	2
138.55	-33.55	2.0008
138.6	-33.55	0.2653
139.2	-33.55	32
139.35	-33.55	53
139.4	-33.55	64
139.55	-33.55	163
139.7	-33.55	35
140.45	-33.55	378
135	-33.6	75.676
135.05	-33.6	73
135.1	-33.6	30
135.2	-33.6	57.375
135.35	-33.6	38
135.4	-33.6	88
135.45	-33.6	29
135.55	-33.6	63
135.6	-33.6	44
135.65	-33.6	41.5
135.7	-33.6	149
135.75	-33.6	118
135.8	-33.6	29
136.05	-33.6	276
136.2	-33.6	10
136.5	-33.6	1.96709322581
136.55	-33.6	0.777787222222
136.65	-33.6	2.00006666667
136.7	-33.6	0.0010441
136.75	-33.6	4.71224285714
136.8	-33.6	2.00094953333
136.85	-33.6	13.19996
136.9	-33.6	35.16985
138.25	-33.6	168
138.3	-33.6	116
138.35	-33.6	58
138.4	-33.6	60
138.45	-33.6	5.99995
138.55	-33.6	3.00055
138.65	-33.6	9.66650666667
138.9	-33.6	13.082
139.05	-33.6	0.00067895
139.15	-33.6	4.49995
139.25	-33.6	29.75
139.3	-33.6	23
139.4	-33.6	146
134.9	-33.65	85
134.95	-33.65	101
135	-33.65	13.95495
135.1	-33.65	67
135.25	-33.65	40.5
135.3	-33.65	22.6666666667
135.4	-33.65	29
135.45	-33.65	12
135.5	-33.65	13
135.55	-33.65	67
135.6	-33.65	47
135.75	-33.65	64
135.8	-33.65	36.1
135.95	-33.65	198
136	-33.65	167
136.35	-33.65	5.750025
136.4	-33.65	0
136.45	-33.65	0.482051348889
136.5	-33.65	1.07524111667
136.65	-33.65	17.5005
136.7	-33.65	5.2496125
136.75	-33.65	9.66733333333
137.95	-33.65	60
138	-33.65	313
138.3	-33.65	147.666666667
138.35	-33.65	139.333333333
138.4	-33.65	79
138.55	-33.65	7.199904
138.7	-33.65	4.5001
138.75	-33.65	12
138.9	-33.65	23.2945121571
139.1	-33.65	78
139.15	-33.65	20.20004
139.2	-33.65	98
139.35	-33.65	106
139.45	-33.65	126
139.55	-33.65	97
135.05	-33.7	49
135.1	-33.7	27
135.15	-33.7	13.5
135.2	-33.7	12.8565
135.25	-33.7	28
135.3	-33.7	26.4285714286
135.35	-33.7	19.6
135.4	-33.7	12
135.65	-33.7	32
135.7	-33.7	37
135.8	-33.7	26.5
135.85	-33.7	27
135.9	-33.7	24
136.15	-33.7	169
136.3	-33.7	602
136.35	-33.7	2.9998
136.45	-33.7	3.66267985865
136.5	-33.7	1.70214555556
136.55	-33.7	3.5018
136.6	-33.7	4.9999
136.65	-33.7	3.38577488286
136.7	-33.7	9.75005
136.75	-33.7	5.75035
136.9	-33.7	9.0003
137.8	-33.7	141.285714286
137.85	-33.7	121
137.9	-33.7	66.1818181818
137.95	-33.7	45.4285714286
138	-33.7	28
138.05	-33.7	183.86
138.3	-33.7	172
138.35	-33.7	121
138.6	-33.7	26
138.9	-33.7	0.53910975
138.95	-33.7	3.49853309094
139.3	-33.7	10
139.35	-33.7	122
139.55	-33.7	124
135.1	-33.75	8
135.2	-33.75	19.8571464286
135.25	-33.75	12
135.3	-33.75	13.09999
135.35	-33.75	72
135.4	-33.75	40
135.5	-33.75	21.875
135.55	-33.75	48
135.7	-33.75	42.5
135.75	-33.75	75
135.85	-33.75	35.2179333333
135.9	-33.75	25.3535473333
135.95	-33.75	26
136.25	-33.75	90
136.3	-33.75	96
136.4	-33.75	46
136.5	-33.75	0.99995
136.6	-33.75	5.0006
136.65	-33.75	2.34055313966
136.7	-33.75	0.48110234
137.8	-33.75	25.5714285714
137.85	-33.75	39.5714285714
137.9	-33.75	55.5
137.95	-33.75	13
138	-33.75	38
138.3	-33.75	125
138.35	-33.75	89
139	-33.75	4.15309
139.55	-33.75	88
140.05	-33.75	182
135.2	-33.8	27.9999846154
135.25	-33.8	25.2
135.3	-33.8	27.8181818182
135.35	-33.8	57.9375
135.4	-33.8	40
135.5	-33.8	37.5833333333
135.55	-33.8	42.1875
135.6	-33.8	76.8
135.65	-33.8	60
135.7	-33.8	64
135.85	-33.8	2.02215
135.9	-33.8	21.95475
136.25	-33.8	15.6666666667
136.3	-33.8	2.9998
136.35	-33.8	37
136.4	-33.8	34
136.7	-33.8	17.479945
136.8	-33.8	59
137.8	-33.8	39.4
137.85	-33.8	42.3531272727
137.9	-33.8	52
137.95	-33.8	43
138	-33.8	28.587
138.05	-33.8	274.47
138.3	-33.8	81
138.35	-33.8	77.6666666667
138.4	-33.8	53
139.2	-33.8	0.99999
139.35	-33.8	84
135.25	-33.85	33
135.3	-33.85	15.8333333333
135.35	-33.85	13.3333333333
135.4	-33.85	21
135.45	-33.85	20.5
135.5	-33.85	30
135.55	-33.85	23
135.6	-33.85	32
135.65	-33.85	36.875
135.7	-33.85	59.1875
135.75	-33.85	39.6666666667
136.7	-33.85	15.052
137.7	-33.85	8.6826
137.75	-33.85	16.6324818182
137.8	-33.85	8.6746
137.85	-33.85	81.0061428571
137.9	-33.85	30.0000333333
137.95	-33.85	29.6666666667
138	-33.85	76.3907
138.05	-33.85	271.99
138.3	-33.85	110.5
138.35	-33.85	55.3333333333
138.4	-33.85	42.0000666667
138.45	-33.85	41
139	-33.85	3.0012
139.15	-33.85	0.00026087
139.35	-33.85	131
139.5	-33.85	109.5
139.6	-33.85	210
139.8	-33.85	219
135.25	-33.9	27.2
135.45	-33.9	60
135.5	-33.9	16.2857142857
135.55	-33.9	60
135.6	-33.9	46
135.65	-33.9	42
135.7	-33.9	62.0588235294
135.75	-33.9	27.25
136.55	-33.9	7.9993
137.65	-33.9	82.476
137.7	-33.9	47.48075
137.75	-33.9	17.4035769231
137.8	-33.9	34.2343684211
137.95	-33.9	32.88239
138	-33.9	62.0285849053
138.05	-33.9	201.15
138.1	-33.9	366.78
138.3	-33.9	56.6666666667
138.35	-33.9	76.5
138.45	-33.9	28.9
138.6	-33.9	4.8646
138.65	-33.9	9.0587
138.7	-33.9	0.166874553333
138.75	-33.9	1.27270489091
139.45	-33.9	116
139.5	-33.9	112
140.95	-33.9	587
135.3	-33.95	6.0002
135.35	-33.95	14.1053157895
135.4	-33.95	13.3333333333
135.45	-33.95	8
135.5	-33.95	12.50001
135.55	-33.95	26
135.65	-33.95	54.8235294118
135.7	-33.95	31.2
135.75	-33.95	24
135.8	-33.95	9.83331666667
136.2	-33.95	29.6
136.25	-33.95	36
136.35	-33.95	55.3333333333
136.55	-33.95	12
137.6	-33.95	25.2470333333
137.65	-33.95	6.3678
137.7	-33.95	8.84602690818
137.75	-33.95	36.4814871906
137.8	-33.95	46.7415384615
137.9	-33.95	29.091
137.95	-33.95	479
138.05	-33.95	505
138.3	-33.95	44
138.35	-33.95	44
138.45	-33.95	48
139.05	-33.95	1.33327666667
139.2	-33.95	40
139.3	-33.95	34
139.35	-33.95	108
139.45	-33.95	160
139.55	-33.95	154
135.3	-34	46.0005
135.35	-34	22
135.4	-34	9.05554444444
135.5	-34	15.8
135.55	-34	30.4
135.6	-34	42
135.65	-34	46.6666666667
135.7	-34	76
135.8	-34	27
135.85	-34	28.80088
136.3	-34	0.5000697
137.55	-34	23
137.6	-34	5.7527
137.65	-34	11.4762451622
137.7	-34	14.4561476642
137.75	-34	36.8668645161
137.8	-34	18.7792
137.85	-34	9
137.9	-34	87.5490909091
137.95	-34	200.35625
138.3	-34	32
138.35	-34	52
138.4	-34	30
138.5	-34	79.001
138.8	-34	7.0007
139.1	-34	4.0002
139.35	-34	68
139.45	-34	186
