3.0     error in approx soln (to generate starting bounds)- lat
3.0                                                        long
30                                                          depth
30.0                                                        time

 * DISPLY
              HYPOCENTRE SOLUTION      LI
              ShakeNA program          REB 
  DATE:
    Year      1997                     1997
    Month     VIII                     VIII
    Day       16                       16
    Hour       2                        2
    Minute    10                       10
    Second      61.454                   59.900
  LOCATION:
    Latitude    72.517                   72.648
    Longitude   56.882                   57.352
    Depth       15.785                    0.000
  RESIDUAL:          0.605                    0.861

 Arrival Times for estimated hypocentre
 CODE         HOUR MIN  SEC     RESID     chr  cmn  csec   delta     baz      slow
 APA0 Pn       2   13   18.00    0.80      2   13   17.20    9.47    250.6   13.7050
 APA0 Sn       2   15    0.00   -4.42      2   15    4.42    9.47    250.6   24.5748
 FINE Pn       2   14   46.30   -0.97      2   14   47.27   16.11    242.5   12.8536
 HFS  P        2   15   42.50    2.24      2   15   40.26   20.68    255.9   10.8294
 JOF  Pn       2   14    9.90   -2.59      2   14   12.49   13.51    237.7   13.6498
 JOF  Sn       2   16   29.10   *****      2   16   43.40   13.51    237.7   24.3895
 KAF  Pn       2   14   39.40    0.10      2   14   39.30   15.50    243.5   13.0565
 KBS  Pn       2   13   57.50   -0.07      2   13   57.57   12.42    320.5   13.6667
 KBS  Sn       2   16    8.10   -8.63      2   16   16.73   12.42    320.5   24.4473
 KEF  Pn       2   14   42.80   -1.01      2   14   43.81   15.85    245.7   12.9473
 KEV  Pn       2   13   25.20    0.92      2   13   24.28    9.99    268.6   13.6991
 KEV  S        2   15    7.90   -8.72      2   15   16.62    9.99    268.6   24.5550
 KJN  Pn       2   14   12.70   -0.05      2   14   12.75   13.53    246.3   13.6495
 NORE P        2   15   44.20    2.31      2   15   41.89   20.83    259.3   10.8143
 NRI  Pn       2   13   31.40   -3.40      2   13   34.80   10.76     93.7   13.6897
 NRI  Sn       2   15   19.10   *****      2   15   35.96   10.76     93.7   24.5236
 NUR  Pn       2   15    2.30    0.29      2   15    2.01   17.28    242.7   12.4710
 PKK  Pn       2   15    7.10   -0.65      2   15    7.75   17.74    242.0   12.3577
 SDF  Pn       2   13   45.20   -0.02      2   13   45.22   11.52    258.9   13.6797
 SDF  Sn       2   15   44.70   -9.91      2   15   54.61   11.52    258.9   24.4902
 SPIT Pn       2   13   44.30    0.10      2   13   44.20   11.44    317.5   13.6807
 SPIT Sn       2   15   44.80   -7.99      2   15   52.79   11.44    317.5   24.4936
 SUF  Pn       2   14   34.30    0.92      2   14   33.38   15.05    245.1   13.1798
 VAF  Pn       2   14   41.40   *****      2   14   52.96   16.56    248.4   12.6837
 HFS  P                24.000  -11.85              35.851   20.68    255.9
 NORE P                38.000    0.81              37.193   20.83    259.3
 SPIT Pn              106.000    7.80              98.204   11.44    317.5
 SPIT Sn              100.000    1.80              98.204   11.44    317.5
 

---------


3.0     error in approx soln (to generate starting bounds)- lat
3.0                                                        long
60                                                          depth
60.0

 * DISPLY
              HYPOCENTRE SOLUTION      LI
              ShakeNA program          REB 
  DATE:
    Year      1997                     1997
    Month     VIII                     VIII
    Day       16                       16
    Hour       2                        2
    Minute    10                       10
    Second      62.264                   59.900
  LOCATION:
    Latitude    72.497                   72.648
    Longitude   57.067                   57.352
    Depth       30.681                    0.000
  RESIDUAL:          0.582                    0.861

 Arrival Times for estimated hypocentre
 CODE         HOUR MIN  SEC     RESID     chr  cmn  csec   delta     baz      slow
 APA0 Pn       2   13   18.00    0.84      2   13   17.16    9.52    251.0   13.7025
 APA0 Sn       2   15    0.00   -3.94      2   15    3.94    9.52    251.0   24.5660
 FINE Pn       2   14   46.30   -0.67      2   14   46.97   16.15    242.8   12.7836
 HFS  P        2   15   42.50    2.76      2   15   39.74   20.73    256.1   10.8140
 JOF  Pn       2   14    9.90   -2.41      2   14   12.31   13.55    238.1   13.6465
 JOF  Sn       2   16   29.10   *****      2   16   42.65   13.55    238.1   24.3775
 KAF  Pn       2   14   39.40    0.35      2   14   39.05   15.54    243.9   12.9984
 KBS  Pn       2   13   57.50   -0.09      2   13   57.59   12.47    320.6   13.6634
 KBS  Sn       2   16    8.10   -8.25      2   16   16.35   12.47    320.6   24.4353
 KEF  Pn       2   14   42.80   -0.77      2   14   43.57   15.89    246.0   12.8821
 KEV  Pn       2   13   25.20    0.83      2   13   24.37   10.04    268.9   13.6964
 KEV  S        2   15    7.90   -8.47      2   15   16.37   10.04    268.9   24.5454
 KJN  Pn       2   14   12.70    0.05      2   14   12.65   13.57    246.6   13.6461
 NORE P        2   15   44.20    2.81      2   15   41.39   20.89    259.6   10.7983
 NRI  Pn       2   13   31.40   -1.94      2   13   33.34   10.70     93.8   13.6883
 NRI  Sn       2   15   19.10   *****      2   15   32.94   10.70     93.8   24.5181
 NUR  Pn       2   15    2.30    0.65      2   15    1.65   17.32    243.0   12.4265
 PKK  Pn       2   15    7.10   -0.26      2   15    7.36   17.78    242.3   12.3177
 SDF  Pn       2   13   45.20   -0.04      2   13   45.24   11.57    259.2   13.6767
 SDF  Sn       2   15   44.70   -9.54      2   15   54.24   11.57    259.2   24.4794
 SPIT Pn       2   13   44.30    0.06      2   13   44.24   11.50    317.6   13.6777
 SPIT Sn       2   15   44.80   -7.66      2   15   52.46   11.50    317.6   24.4828
 SUF  Pn       2   14   34.30    1.13      2   14   33.17   15.09    245.4   13.1289
 VAF  Pn       2   14   41.40   *****      2   14   52.69   16.60    248.7   12.6227
 HFS  P                24.000  -11.95              35.946   20.73    256.1
 NORE P                38.000    0.72              37.279   20.89    259.6
 SPIT Pn              106.000    7.93              98.066   11.50    317.6
 SPIT Sn              100.000    1.93              98.066   11.50    317.6


---------

 
2.0     error in approx soln (to generate starting bounds)- lat
2.0                                                        long
30                                                          depth
20.0     

 * DISPLY
              HYPOCENTRE SOLUTION      LI
              ShakeNA program          REB 
  DATE:
    Year      1997                     1997
    Month     VIII                     VIII
    Day       16                       16
    Hour       2                        2
    Minute    10                       10
    Second      59.641                   59.900
  LOCATION:
    Latitude    72.477                   72.648
    Longitude   57.290                   57.352
    Depth       13.498                    0.000
  RESIDUAL:          0.607                    0.861

 Arrival Times for estimated hypocentre
 CODE         HOUR MIN  SEC     RESID     chr  cmn  csec   delta     baz      slow
 APA0 Pn       2   13   18.00    0.92      2   13   17.08    9.57    251.4   13.7040
 APA0 Sn       2   15    0.00   -5.61      2   15    5.61    9.57    251.4   24.5718
 FINE Pn       2   14   46.30   -0.62      2   14   46.92   16.20    243.2   12.8264
 HFS  P        2   15   42.50    2.53      2   15   39.97   20.79    256.4   10.8199
 JOF  Pn       2   14    9.90   -2.20      2   14   12.10   13.60    238.5   13.6488
 JOF  Sn       2   16   29.10   *****      2   16   44.09   13.60    238.5   24.3861
 KAF  Pn       2   14   39.40    0.41      2   14   38.99   15.59    244.2   13.0343
 KBS  Pn       2   13   57.50   -0.04      2   13   57.54   12.53    320.6   13.6654
 KBS  Sn       2   16    8.10   -9.96      2   16   18.06   12.53    320.6   24.4429
 KEF  Pn       2   14   42.80   -0.74      2   14   43.54   15.94    246.4   12.9211
 KEV  Pn       2   13   25.20    0.77      2   13   24.43   10.11    269.2   13.6979
 KEV  S        2   15    7.90   *****      2   15   18.27   10.11    269.2   24.5511
 KJN  Pn       2   14   12.70    0.16      2   14   12.54   13.63    247.0   13.6483
 NORE P        2   15   44.20    2.56      2   15   41.64   20.95    259.9   10.8041
 NRI  Pn       2   13   31.40   -0.13      2   13   31.53   10.63     93.9   13.6916
 NRI  Sn       2   15   19.10   *****      2   15   31.51   10.63     93.9   24.5299
 NUR  Pn       2   15    2.30    0.66      2   15    1.64   17.37    243.4   12.4519
 PKK  Pn       2   15    7.10   -0.26      2   15    7.36   17.83    242.6   12.3407
 SDF  Pn       2   13   45.20   -0.04      2   13   45.24   11.63    259.6   13.6784
 SDF  Sn       2   15   44.70   *****      2   15   56.05   11.63    259.6   24.4861
 SPIT Pn       2   13   44.30    0.09      2   13   44.21   11.56    317.6   13.6795
 SPIT Sn       2   15   44.80   -9.41      2   15   54.21   11.56    317.6   24.4895
 SUF  Pn       2   14   34.30    1.19      2   14   33.11   15.14    245.8   13.1603
 VAF  Pn       2   14   41.40   *****      2   14   52.71   16.66    249.1   12.6557
 HFS  P                24.000  -12.05              36.046   20.79    256.4
 NORE P                38.000    0.63              37.368   20.95    259.9
 SPIT Pn              106.000    8.12              97.883   11.56    317.6
 SPIT Sn              100.000    2.12              97.883   11.56    317.6
 
