    1.5    3
Pn            27.57   1.59   3254.
Sb            48.14   1.67    227.
Sn            48.22   2.38    624.
    2.5    3
Pn            41.43   1.62   3517.
Sn            72.52   2.73    868.
Sb            76.70   2.11    256.
    3.5    3
Pn            55.33   1.64   3888.
Sn            96.90   3.26   1116.
Sb           105.36   3.02    313.
    4.5    4
Pn            69.23   1.68   4328.
Sn           121.39   3.89   1327.
Sb           134.20   4.34    345.
Sg           144.63   3.79    109.
    5.5    4
Pn            83.11   1.74   4720.
Sn           145.94   4.56   1486.
Sb           163.06   6.14    335.
Sg           176.61   3.97    138.
    6.5    4
Pn            96.93   1.81   4991.
Sn           170.47   5.17   1591.
Sb           191.91   8.01    309.
Sg           208.36   4.43    147.
    7.5    4
Pn           110.69   1.89   5148.
Sn           194.92   5.72   1650.
Sb           220.92   9.05    293.
Sg           240.11   5.01    149.
    8.5    4
Pn           124.41   1.98   5252.
Sn           219.25   6.21   1674.
Sb           249.75  10.15    273.
Sg           271.94   5.55    150.
    9.5    2
Pn           138.10   2.09   5359.
Sn           243.51   6.66   1672.
   10.5    2
Pn           151.76   2.20   5478.
Sn           267.72   7.12   1652.
   11.5    2
Pn           165.39   2.30   5561.
Sn           291.94   7.57   1617.
   12.5    2
Pn           179.00   2.37   5574.
Sn           316.20   7.98   1566.
   13.5    2
Pn           192.62   2.41   5670.
Sn           340.47   8.29   1502.
   14.5    1
Sn           364.72   8.39   1423.
   15.5    1
Sn           388.90   8.24   1338.
   16.5    1
Sn           413.02   7.92   1258.
   17.5    1
Sn           437.24   7.77   1209.
   18.5    4
P            257.96   1.63   7637.
S            468.51   3.23   1838.
ScP          745.19   2.45    111.
ScS          964.98   3.31     83.
   19.5    4
P            268.90   1.59   7982.
S            488.58   3.37   1705.
ScP          747.43   2.49    120.
ScS          968.36   3.22     81.
   20.5    4
P            279.75   1.54   8693.
S            508.65   3.21   1766.
ScP          749.73   2.56    133.
ScS          971.81   3.21     80.
   21.5    4
P            290.48   1.49   9514.
S            528.42   3.12   1846.
ScP          752.12   2.64    146.
ScS          975.37   3.26     80.
   22.5    4
P            301.08   1.43  10128.
S            548.07   2.98   1878.
ScP          754.60   2.73    160.
ScS          979.05   3.36     81.
   23.5    4
P            311.57   1.38  10363.
S            565.48   2.82   1866.
ScP          757.19   2.81    174.
ScS          982.87   3.47     83.
   24.5    4
P            320.79   1.34  10230.
S            581.83   2.81   1844.
ScP          759.88   2.89    186.
ScS          986.84   3.60     86.
   25.5    5
P            329.91   1.29   9871.
PcP          542.37   1.97    193.
S            597.72   2.99   1837.
ScP          762.68   2.96    196.
ScS          990.95   3.73     91.
   26.5    5
P            339.02   1.24   9451.
PcP          544.57   1.95    204.
S            613.50   3.15   1822.
ScP          765.59   3.01    205.
ScS          995.21   3.85     96.
   27.5    5
P            348.06   1.21   9076.
PcP          546.89   1.86    219.
S            629.18   3.51   1284.
ScP          768.59   3.05    212.
ScS          999.62   3.95    101.
   28.5    5
P            356.99   1.21   8787.
PcP          549.30   1.73    237.
S            644.95   3.51   1325.
ScP          771.68   3.08    217.
ScS         1004.15   4.04    107.
   29.5    5
P            365.88   1.22   8687.
PcP          551.81   1.60    257.
S            660.66   3.50   1362.
ScP          774.87   3.09    221.
ScS         1008.82   4.11    113.
   30.5    5
P            374.78   1.19   8708.
PcP          554.40   1.48    276.
S            676.33   3.48   1397.
ScP          778.13   3.09    223.
ScS         1013.61   4.15    119.
   31.5    5
P            383.60   1.18   8986.
PcP          557.05   1.39    294.
S            691.95   3.45   1430.
ScP          781.46   3.08    225.
ScS         1018.50   4.17    124.
   32.5    5
P            392.37   1.17   9187.
PcP          559.78   1.32    311.
S            707.51   3.42   1463.
ScP          784.86   3.06    226.
ScS         1023.51   4.17    129.
   33.5    5
P            401.10   1.16   9337.
PcP          562.56   1.28    326.
S            723.02   3.39   1496.
ScP          788.33   3.02    226.
ScS         1028.62   4.14    134.
   34.5    5
P            409.77   1.14   9458.
PcP          565.41   1.27    339.
S            738.48   3.37   1530.
ScP          791.85   2.98    225.
ScS         1033.82   4.10    137.
   35.5    5
P            418.39   1.13   9565.
PcP          568.32   1.28    349.
S            753.86   3.35   1563.
ScP          795.43   2.93    225.
ScS         1039.13   4.03    140.
   36.5    5
P            426.94   1.12   9669.
PcP          571.28   1.32    357.
S            769.18   3.33   1596.
ScP          799.06   2.88    224.
ScS         1044.52   3.96    143.
  37.5     5
P            435.44   1.11   9776.
PcP          574.30   1.37    362.
S            784.43   3.32   1628.
ScP          802.74   2.82    224.
ScS         1050.01   3.88    145.
   38.5    5
P            443.88   1.09   9891.
PcP          577.38   1.42    365.
S            799.59   3.31   1658.
ScP          806.47   2.75    223.
ScS         1055.60   3.79    146.
   39.5    5
P            452.25   1.08  10014.
PcP          580.51   1.48    366.
ScP          810.25   2.68    222.
S            814.67   3.30   1687.
ScS         1061.28   3.70    147.
   40.5    5
P            460.55   1.07  10145.
PcP          583.70   1.53    366.
ScP          814.08   2.61    221.
S            829.66   3.29   1714.
ScS         1067.06   3.61    148.
   41.5    5
P            468.78   1.06  10282.
PcP          586.94   1.58    364.
ScP          817.96   2.54    220.
S            844.56   3.29   1739.
ScS         1072.94   3.53    148.
   42.5    5
P            476.94   1.05  10422.
PcP          590.23   1.63    360.
ScP          821.89   2.48    218.
S            859.37   3.28   1760.
ScS         1078.94   3.45    148.
   43.5    5
P            485.04   1.04  10561.
PcP          593.57   1.66    356.
ScP          825.87   2.41    215.
S            874.07   3.27   1779.
ScS         1085.03   3.40    148.
   44.5    5
P            493.06   1.03  10696.
PcP          596.96   1.68    352.
ScP          829.89   2.35    213.
S            888.67   3.26   1794.
ScS         1091.25   3.36    149.
   45.5    5
P            501.01   1.02  10822.
PcP          600.40   1.69    347.
ScP          833.97   2.29    209.
S            903.17   3.24   1807.
ScS         1097.57   3.33    149.
   46.5    5
P            508.89   1.01  10937.
PcP          603.89   1.70    343.
ScP          838.10   2.24    204.
S            917.55   3.23   1816.
ScS         1104.00   3.33    150.
   47.5    5
P            516.70   1.00  11038.
PcP          607.42   1.70    338.
ScP          842.27   2.20    198.
S            931.84   3.21   1822.
ScS         1110.55   3.35    151.
   48.5    5
P            524.44   0.99  11122.
PcP          611.00   1.70    335.
ScP          846.49   2.17    191.
S            946.01   3.19   1825.
ScS         1117.21   3.40    152.
   49.5    5
P            532.10   0.99  11188.
PcP          614.61   1.70    331.
ScP          850.75   2.15    183.
S            960.07   3.16   1827.
ScS         1123.98   3.46    153.
   50.5    5
P            539.69   0.98  11235.
PcP          618.26   1.71    329.
ScP          855.04   2.15    174.
S            974.03   3.14   1826.
ScS         1130.84   3.55    154.
   51.5    5
P            547.21   0.98  11263.
PcP          621.95   1.73    327.
ScP          859.37   2.17    164.
S            987.87   3.11   1824.
ScS         1137.80   3.66    155.
   52.5    6
P            554.65   0.97  11274.
PcP          625.67   1.77    327.
PP           675.65   4.29    403.
ScP          863.72   2.20    153.
S           1001.61   3.08   1822.
ScS         1144.85   3.78    156.
   53.5    6
P            562.02   0.97  11269.
PcP          629.42   1.82    326.
PP           684.50   4.47    370.
ScP          868.10   2.26    142.
S           1015.24   3.05   1819.
ScS         1151.97   3.91    157.
   54.5    6
P            569.32   0.96  11251.
PcP          633.21   1.89    327.
PP           693.34   4.63    341.
ScP          872.49   2.33    130.
S           1028.76   3.03   1817.
ScS         1159.16   4.06    157.
   55.5    8
P            576.55   0.96  11223.
PcP          637.02   1.98    328.
PP           702.19   4.76    317.
ScP          876.89   2.43    118.
S           1042.18   3.01   1815.
ScS         1166.40   4.20    156.
SS          1270.24   6.25    152.
P'P'bc      2392.32   3.60     17.
   56.5    8
P            583.71   0.96  11190.
PcP          640.86   2.10    330.
PP           711.02   4.87    297.
ScP          881.29   2.54    107.
S           1055.50   2.99   1815.
ScS         1173.69   4.34    154.
SS          1285.38   6.62    147.
P'P'bc      2390.68   3.30     21.
   57.5    8
P            590.79   0.95  11155.
PcP          644.72   2.24    332.
PP           719.86   4.96    282.
ScP          885.69   2.67     96.
S           1068.71   2.97   1817.
ScS         1181.01   4.46    152.
SS          1300.66   6.91    144.
P'P'bc      2388.43   3.00     26.
   58.5    8
P            597.80   0.95  11124.
PcP          648.61   2.40    334.
PP           728.69   5.04    271.
ScP          890.08   2.82     87.
S           1081.81   2.96   1822.
ScS         1188.37   4.56    149.
SS          1316.05   7.15    141.
P'P'bc      2386.25   2.64     31.
   59.5    8
P            604.74   0.95  11102.
PcP          652.53   2.58    336.
PP           737.52   5.10    264.
ScP          894.48   2.96     79.
S           1094.81   2.95   1829.
ScS         1195.74   4.63    145.
SS          1331.55   7.34    140.
P'P'bc      2384.14   2.39     36.
   60.5    8
P            611.61   0.94  11094.
PcP          656.47   2.78    338.
PP           746.34   5.15    261.
ScP          898.87   3.11     73.
S           1107.70   2.95   1839.
ScS         1203.15   4.65    140.
SS          1347.11   7.48    139.
P'P'bc      2381.96   2.30     38.
   61.5    8
P            618.41   0.94  11105.
PcP          660.43   2.99    339.
PP           755.16   5.18    262.
ScP          903.26   3.24     69.
S           1120.49   2.95   1853.
ScS         1210.58   4.62    136.
SS          1362.73   7.60    138.
P'P'bc      2379.60   2.27     38.
   62.5    8
P            625.14   0.94  11139.
PcP          664.42   3.21    340.
PP           763.97   5.20    266.
ScP          907.67   3.33     68.
S           1133.17   2.95   1869.
ScS         1218.06   4.52    132.
SS          1378.38   7.68    139.
P'P'bc      2377.10   2.15     36.
   63.5    7
P            631.80   0.93  11202.
PcP          668.44   3.43    340.
PP           772.76   5.22    273.
S           1145.74   2.97   1889.
ScS         1225.61   4.33    129.
SS          1394.05   7.74    140.
P'P'bc      2374.55   1.87     33.
   64.5    7
P            638.39   0.93  11297.
PcP          672.48   3.66    340.
PP           781.55   5.22    283.
S           1158.19   2.98   1912.
ScS         1233.27   4.04    130.
SS          1409.71   7.79    142.
P'P'bc      2371.98   1.57     31.
   65.5    7
P            644.90   0.93  11427.
PcP          676.55   3.89    340.
PP           790.31   5.21    296.
S           1170.54   3.00   1937.
SKKSac      1240.52   4.58     42.
SS          1425.36   7.82    145.
P'P'bc      2369.34   1.42     30.
   66.5    7
P            651.35   0.93  11595.
PcP          680.64   4.13    339.
PP           799.05   5.20    311.
S           1182.77   3.02   1965.
SKKSac      1247.99   3.75     43.
SS          1441.00   7.84    148.
P'P'bc      2366.45   1.33     29.
   67.5    6
P            657.72   0.92  11801.
PcP          684.76   4.36    338.
PP           807.77   5.18    328.
S           1194.88   3.04   1994.
SKKSac      1255.53   3.09     43.
SS          1456.61   7.86    151.
  68.5     6
P            664.02   0.92  12047.
PcP          688.90   4.62    338.
PP           816.46   5.15    347.
S           1206.86   3.07   2025.
SKKSac      1263.12   2.56     43.
SS          1472.19   7.87    155.
   69.5    6
P            670.25   0.92  12330.
PcP          693.06   4.90    340.
PP           825.12   5.12    367.
S           1218.73   3.09   2056.
SKKSac      1270.75   2.16     42.
SS          1487.72   7.88    159.
   70.5    5
P            676.41   0.91  12649.
PP           833.76   5.08    389.
S           1230.47   3.11   2087.
SKKSac      1278.43   1.87     41.
SS          1503.21   7.88    163.
   71.5    5
P            682.49   0.91  12999.
PP           842.36   5.04    413.
S           1242.08   3.13   2118.
SKKSac      1286.14   1.69     41.
SS          1518.66   7.89    167.
   72.5    5
P            688.51   0.91  13376.
PP           850.93   5.00    436.
S           1253.56   3.14   2147.
SKKSac      1293.87   1.58     40.
SS          1534.05   7.89    171.
   73.5    5
P            694.44   0.91  13773.
PP           859.47   4.95    461.
S           1264.91   3.15   2174.
SKKSac      1301.61   1.55     39.
SS          1549.39   7.89    175.
   74.5    5
P            700.31   0.91  14182.
PP           867.98   4.91    486.
S           1276.14   3.15   2199.
SKKSac      1309.37   1.59     39.
SS          1564.67   7.90    178.
   75.5    5
P            706.10   0.91  14592.
PP           876.45   4.86    511.
S           1287.24   3.15   2223.
SKKSac      1317.14   1.67     38.
SS          1579.91   7.90    182.
   76.5    6
P            711.81   0.90  14995.
PP           884.88   4.81    536.
S           1298.23   3.15   2245.
SKKSac      1324.91   1.80     37.
SPn         1337.00   5.31    110.
SS          1595.08   7.91    185.
   77.5    6
P            717.45   0.91  15376.
PP           893.28   4.76    561.
S           1309.11   3.15   2266.
SKKSac      1332.67   1.97     37.
SPn         1349.82   5.46    110.
SS          1610.20   7.91    187.
   78.5    7
P            723.01   0.91  15725.
PP           901.65   4.71    585.
S           1319.89   3.16   2288.
SKKSac      1340.43   2.16     36.
SPn         1362.53   5.96    121.
SS          1625.27   7.91    189.
P'P'df      2343.44   6.82     61.
   79.5    7
P            728.49   0.91  16026.
PP           909.98   4.67    609.
S           1330.59   3.18   2312.
SKKSac      1348.17   2.38     36.
SPn         1375.08   6.42    132.
SS          1640.28   7.91    191.
P'P'df      2341.40   6.62     64.
   80.5    6
P            733.89   0.91  16265.
PP           918.27   4.62    631.
SKKSac      1355.90   2.61     36.
SPn         1387.49   6.72    142.
SS          1655.24   7.91    192.
P'P'df      2339.34   6.75     71.
   81.5    6
P            739.22   0.92  16429.
PP           926.52   4.57    653.
SKKSac      1363.61   2.85     36.
SPn         1399.81   6.87    154.
SS          1670.14   7.91    192.
P'P'df      2337.33   6.82     77.
  82.5     7
P            744.46   0.93  16502.
PP           934.74   4.53    674.
SKKSac      1371.31   3.09     36.
SPn         1412.08   6.91    167.
SS          1684.99   7.90    192.
PKKPbc      1851.30   2.01     62.
P'P'df      2335.41   6.72     82.
   83.5    7
P            749.63   0.94  16471.
PP           942.92   4.48    694.
SKKSac      1378.97   3.34     36.
SPn         1424.32   6.87    179.
SS          1699.80   7.89    191.
PKKPbc      1848.98   2.05     66.
P'P'df      2333.54   6.46     84.
   84.5    7
P            754.72   0.95  16322.
PP           951.06   4.44    712.
SKKSac      1386.62   3.59     36.
SPn         1436.50   6.80    187.
SS          1714.55   7.88    189.
PKKPbc      1846.63   2.12     71.
P'P'df      2331.72   6.13     83.
   85.5    7
P            759.73   0.97  16045.
PP           959.17   4.40    729.
SKKSac      1394.23   3.83     36.
SPn         1448.58   6.77    191.
SS          1729.25   7.86    187.
PKKPbc      1844.24   2.20     76.
P'P'df      2329.90   5.84     80.
   86.5    7
P            764.66   0.99  15629.
PP           967.24   4.36    744.
SKKSac      1401.82   4.06     37.
SPn         1460.55   6.80    194.
SS          1743.90   7.84    184.
PKKPbc      1841.81   2.29     83.
P'P'df      2328.07   5.68     75.
   87.5    7
P            769.52   1.01  15070.
PP           975.27   4.32    758.
SKKSac      1409.37   4.28     37.
SPn         1472.45   6.75    197.
SS          1758.51   7.81    180.
PKKPbc      1839.35   2.38     88.
P'P'df      2326.22   5.68     69.
   88.5    6
P            774.27   1.04  14363.
PP           983.27   4.29    770.
SKKSac      1416.89   4.49     37.
SS          1773.07   7.78    176.
PKKPbc      1836.86   2.48     94.
P'P'df      2324.35   5.85     63.
   89.5    6
P            778.98   1.07  13511.
PP           991.23   4.25    780.
SKKSac      1424.38   4.69     38.
SS          1787.58   7.75    172.
PKKPbc      1834.34   2.57     99.
P'P'df      2322.46   6.15     58.
   90.5    7
P            783.66   1.11  12519.
PP           999.15   4.22    789.
SKSac       1415.63   3.41    748.
SKKSac      1431.83   4.87     38.
SS          1802.05   7.71    167.
PKKPbc      1831.80   2.65    103.
P'P'df      2320.57   6.48     53.
   91.5    7
P            788.31   1.15  11179.
PP          1007.04   4.20    795.
SKSac       1421.43   3.28    700.
SKKSac      1439.25   5.04     38.
SS          1816.47   7.66    161.
PKKPbc      1829.24   2.72    106.
P'P'df      2318.68   6.77     49.
   92.5    7
P            792.91   1.17  10788.
PP          1014.89   4.17    800.
SKSac       1427.13   3.32    679.
SKKSac      1446.64   5.19     39.
PKKPbc      1826.66   2.79    107.
SS          1830.84   7.62    155.
P'P'df      2316.81   6.92     46.
   93.5    7
P            797.49   1.20   9848.
PP          1022.71   4.15    803.
SKSac       1432.73   3.42    671.
SKKSac      1453.98   5.32     39.
PKKPbc      1824.06   2.84    108.
SS          1845.17   7.57    149.
P'P'df      2314.96   6.87     44.
   94.5    8
P            802.05   1.23   9132.
PP          1030.49   4.12    805.
SKSac       1438.25   3.51    663.
SKKSac      1461.29   5.44     40.
SP          1552.78   6.73    234.
PKKPbc      1821.43   2.87    107.
SS          1859.45   7.51    142.
P'P'df      2313.11   6.61     42.
   95.5    8
P            806.60   1.27   8229.
PP          1038.23   4.11    804.
SKSac       1443.68   3.56    651.
SKKSac      1468.57   5.54     40.
SP          1563.49   6.54    236.
PKKPbc      1818.79   2.89    105.
SS          1873.69   7.45    135.
P'P'df      2311.24   6.16     40.
   96.5    8
P            811.14   1.32   6923.
PP          1045.94   4.09    802.
SKSac       1449.03   3.58    629.
SKKSac      1475.81   5.62     40.
SP          1574.40   6.45    231.
PKKPbc      1816.13   2.90    103.
SS          1887.88   7.40    128.
P'P'df      2309.31   5.60     37.
   97.5    8
P            815.64   1.33   6348.
PP          1053.61   4.07    799.
SKSac       1454.29   3.55    598.
SKKSac      1483.01   5.69     40.
SP          1585.32   6.42    221.
PKKPbc      1813.44   2.89     99.
SS          1902.02   7.34    120.
P'P'df      2307.30   5.07     34.
   98.5    9
Pdiff        820.36   1.58   4413.
PP          1061.25   4.06    793.
SKiKP       1307.67   5.62     12.
SKSac       1459.47   3.51    558.
SKKSac      1490.17   5.74     40.
SP          1596.13   6.43    206.
PKKPbc      1810.73   2.87     95.
SS          1916.11   7.28    113.
P'P'df      2305.15   4.71     30.
   99.5   10
Pdiff        824.75   1.58   4603.
PP          1068.86   4.05    786.
SKiKP       1310.98   5.63     11.
SKSac       1464.57   3.46    510.
SKKSac      1497.30   5.78     41.
S           1516.97   4.61    214.     
SP          1606.79   6.44    189.
PKKPbc      1807.98   2.84     90.
SS          1930.15   7.21    106.
P'P'df      2302.86   4.63     25.
  100.5   10
Pdiff        829.28   1.63   4429.
PP          1076.43   4.04    778.
SKiKP       1313.64   5.24     11.
SKSac       1469.58   3.41    458.
SKKSac      1504.40   5.81     40.
S           1525.23   4.32    212.     
SP          1617.29   6.45    171.
PKKPbc      1805.21   2.79     84.
SS          1944.14   7.15     99.
P'P'df      2300.44   4.88     21.
  101.5   10
Pdiff        833.85   1.70   4051.
PP          1083.96   4.03    768.
SKiKP       1315.80   4.78     11.
SKSac       1474.50   3.38    402.
SKKSac      1511.46   5.82     40.
S           1533.70   4.30    194.    
SP          1627.66   6.43    152.
PKKPbc      1802.39   2.73     78.
SS          1958.08   7.09     91.
P'P'df      2297.98   5.33     18.
  102.5   10
Pdiff        838.41   1.79   3578.
PP          1091.46   4.03    756.
SKiKP       1317.61   4.43     12.
SKSac       1479.34   3.37    347.
SKKSac      1518.48   5.82     40.
S           1542.19   4.47    167.    
SP          1637.93   6.37    135.
PKKPbc      1799.54   2.66     73.
SS          1971.97   7.04     84.
P'P'df      2295.68   5.55     19.
  103.5    9
Pdiff        842.95   1.87   3086.
PP          1098.92   4.02    744.
SKiKP       1319.16   4.29     12.
SKSac       1484.09   3.39    294.
SKKSac      1525.47   5.81     40.
Sdiff       1550.64   4.74    138.
SP          1648.15   6.29    121.
PKKPbc      1796.63   2.58     67.
SS          1985.81   6.98     78.
  104.5    9
Pdiff        847.48   1.97   2620.
PP          1106.35   4.02    730.
SKiKP       1320.57   4.37     14.
SKSac       1488.75   3.43    247.
SKKSac      1532.43   5.79     40.
Sdiff       1559.04   5.00    110.
SP          1658.37   6.17    109.
PKKPbc      1793.68   2.50     62.
SS          1999.59   6.93     71.
  105.5   10
Pdiff        851.99   2.08   2206.
PKiKP       1105.07   2.94    145.
PP          1113.75   4.02    716.
SKiKP       1321.91   4.62     16.
SKSac       1493.32   3.48    205.
SKKSac      1539.35   5.76     39.
Sdiff       1567.39   5.18     85.
SP          1668.61   6.03    100.
PKKPbc      1790.68   2.41     57.
SS          2013.31   6.89     66.
  106.5   10
Pdiff        856.51   2.20   1853.
PKiKP       1106.98   2.70    118.
PP          1121.11   4.02    700.
SKiKP       1323.27   4.96     18.
SKSac       1497.81   3.53    170.
SKKSac      1546.24   5.72     39.
Sdiff       1575.74   5.24     65.
SP          1678.90   5.88     95.
PKKPbc      1787.62   2.31     52.
SS          2026.98   6.84     60.
  107.5   10
Pdiff        861.04   2.33   1561.
PKiKP       1108.90   2.49    193.
PP          1128.44   4.02    684.
SKiKP       1324.70   5.28     21.
SKSac       1502.21   3.56    143.
SKKSac      1553.10   5.68     38.
Sdiff       1584.11   5.16     50.
SP          1689.25   5.73     93.
PKKPbc      1784.50   2.21     49.
SS          2040.59   6.81     55.
  108.5   10
Pdiff        865.60   2.48   1323.
PKiKP       1110.82   2.26    384.
PP          1135.73   4.03    666.
SKiKP       1326.25   5.50     23.
SKSac       1506.53   3.58    124.
SKKSac      1559.93   5.63     38.
Sdiff       1592.52   4.95     41.
SP          1699.67   5.60     94.
PKKPbc      1781.32   2.11     46.
SS          2054.15   6.78     50.
  109.5   10
Pdiff        870.20   2.64   1130.
PKiKP       1112.71   2.04    700.
PP          1142.99   4.03    649.
SKiKP       1327.95   5.54     24.
SKSac       1510.77   3.56    110.
SKKSac      1566.73   5.57     37.
Sdiff       1600.98   4.66     35.
SP          1710.14   5.50     97.
PKKPbc      1778.07   2.01     43.
SS          2067.65   6.76     46.
  110.5   11
Pdiff        874.82   2.81    971.
PKiKP       1114.59   1.89   1120.
PP          1150.21   4.04    630.
SKiKP       1329.82   5.39     24.
SKSac       1514.93   3.51    103.
SKKSac      1573.49   5.52     37.
Sdiff       1609.50   4.32     32.
SP          1720.00   5.43    102.
PKKPbc      1774.77   1.91     42.
PKKPab      1785.59   3.47     81.
SS          2081.09   6.74     42.
  111.5   11
Pdiff        879.47   2.97    838.
PKiKP       1116.44   1.81   1588.
PP          1157.40   4.04    612.
SKiKP       1331.90   5.09     24.
SKSac       1519.02   3.43     99.
SKKSac      1580.23   5.45     36.
Sdiff       1618.04   4.02     31.
SP          1729.69   5.43    107.
PKKPbc      1771.39   1.82     41.
PKKPab      1781.20   3.32     80.
SS          2094.47   6.73     39.
  112.5   11
Pdiff        884.13   3.13    723.
PKiKP       1118.27   1.75   2031.
PP          1164.55   4.05    593.
SKiKP       1334.17   4.77     26.
SKSac       1523.03   3.32     97.
SKKSac      1586.94   5.39     35.
Sdiff       1626.59   3.81     31.
SP          1739.39   5.47    112.
PKKPbc      1767.96   1.72     42.
PKKPab      1776.85   3.33     78.
SS          2107.79   6.73     37.
  113.5   11
Pdiff        888.79   3.27    621.
PKiKP       1120.11   1.66   2380.
PP          1171.67   4.05    574.
SKPdf       1336.70   4.98     54.
SKSac       1526.98   3.19     96.
SKKSac      1593.63   5.33     35.
Sdiff       1635.13   3.77     31.
SP          1749.05   5.58    116.
PKKPbc      1764.46   1.63     42.
PKKPab      1772.40   3.26     81.
SS          2121.05   6.73     35.
  114.5   11
Pdiff        893.43   3.40    529.
PKiKP       1121.97   1.54   2594.
PP          1178.75   4.06    555.
SKPdf       1338.71   4.65     61.
SKSac       1530.86   3.06     95.
SKKSac      1600.28   5.26     34.
Sdiff       1643.64   3.92     30.
SP          1758.63   5.74    119.
PKKPbc      1760.90   1.53     43.
PKKPab      1767.82   3.17     84.
SS          2134.25   6.75     33.
  115.5   11
Pdiff        898.04   3.49    445.
PKiKP       1123.84   1.42   2681.
PP          1185.80   4.07    536.
SKPdf       1340.77   4.33     65.
SKSac       1534.66   2.96     92.
SKKSac      1606.91   5.20     33.
Sdiff       1652.10   4.30     28.
PKKPbc      1757.28   1.44     43.
PKKPab      1763.16   3.12     84.
SP          1768.08   5.94    119.
SS          2147.38   6.77     33.
  116.5   11
Pdiff        902.62   3.56    372.
PKiKP       1125.73   1.34   2694.
PP          1192.82   4.07    517.
SKPdf       1342.84   4.00     68.
SKSac       1538.40   2.91     86.
SKKSac      1613.51   5.14     33.
Sdiff       1660.52   4.88     25.
PKKPbc      1753.61   1.35     44.
PKKPab      1758.55   3.07     82.
SP          1777.39   6.17    117.
SS          2160.46   6.80     32.
  117.5   11
Pdiff        907.14   3.60    309.
PKiKP       1127.63   1.22   2711.
PP          1199.80   4.08    499.
SKPdf       1344.91   3.69     68.
SKSac       1542.07   2.93     78.
SKKSac      1620.09   5.08     32.
Sdiff       1668.91   5.63     21.
PKKPbc      1749.88   1.26     43.
PKKPab      1754.09   2.96     81.
SP          1786.53   6.42    113.
SS          2173.48   6.83     32.
  118.5   11
Pdiff        911.63   3.61    258.
PKPdf       1129.45   1.08   3205.
PP          1206.74   4.09    481.
SKPdf       1346.97   3.39     68.
SKSac       1545.65   3.02     68.
SKKSac      1626.64   5.02     32.
Sdiff       1677.30   6.46     17.
PKKPbc      1746.11   1.16     41.
PKKPab      1749.81   2.76     83.
SP          1795.49   6.66    107.
SS          2186.44   6.88     33.
  119.5   11
Pdiff        916.08   3.61    220.
PKPdf       1131.36   1.03   3730.
PP          1213.65   4.10    463.
SKPdf       1348.99   3.11     68.
SKSac       1549.15   3.18     59.
SKKSac      1633.16   4.96     31.
Sdiff       1685.73   7.28     13.
PKKPbc      1742.28   1.06     37.
PKKPab      1745.59   2.56     87.
SP          1804.29   6.87     99.
SS          2199.35   6.93     34.
  120.5   11
Pdiff        920.50   3.60    194.
PKPdf       1133.28   1.00   4086.
PP          1220.53   4.10    446.
SKPdf       1350.98   2.86     67.
SKSac       1552.54   3.38     51.
SKKSac      1639.66   4.91     31.
Sdiff       1694.24   7.96     11.
PKKPbc      1738.41   0.95     31.
PKKPab      1741.29   2.45     89.
SP          1812.93   7.02     91.
SS          2212.19   6.98     35.
  121.5   12
Pdiff        924.93   3.59    179.
PKPpre      1127.36   3.57     15.
PKPdf       1135.21   1.00   4308.
PP          1227.37   4.11    430.
SKPdf       1352.92   2.64     67.
SKSac       1555.81   3.56     50.
SKKSac      1646.14   4.87     31.
Sdiff       1702.86   8.38     11.
PKKPbc      1734.49   0.82     20.
PKKPab      1736.97   2.29     87.
SP          1821.47   7.12     81.
SS          2224.98   7.04     36.
  122.5   10
Pdiff        929.37   3.59    169.
PKPpre      1129.35   3.63      8.
PKPdf       1137.14   1.01   4428.
PP          1234.17   4.11    414.
SKPdf       1354.81   2.47     67.
SKSac       1558.95   3.60     59.
SKKSac      1652.59   4.82     30.
Sdiff       1711.57   8.45     13.
SP          1829.94   7.14     73.
SS          2237.71   7.10     38.
  123.5    9
Pdiff        933.87   3.63    160.
PKPpre      1131.33   3.62     13.
PKPdf       1139.07   1.03   4471.
PP          1240.94   4.12    399.
SKPdf       1356.64   2.34     66.
SKKSac      1659.01   4.78     30.
Sdiff       1720.29   8.12     17.
SP          1838.39   7.09     66.
SS          2250.39   7.16     40.
  124.5    9
Pdiff        938.43   3.71    148.
PKPpre      1133.23   3.59     22.
PKPdf       1141.01   1.06   4461.
PP          1247.67   4.13    386.
SKPdf       1358.42   2.26     66.
SKKSac      1665.41   4.75     30.
Sdiff       1728.87   7.43     22.
SP          1846.86   7.00     60.
SS          2263.02   7.23     42.
  125.5    9
Pdiff        943.06   3.83    127.
PKPpre      1135.03   3.58     29.
PKPdf       1142.95   1.09   4415.
PP          1254.36   4.13    373.
SKPdf       1360.15   2.22     66.
SKKSac      1671.79   4.72     31.
Sdiff       1736.98   6.56     26.
SP          1855.36   6.92     56.
SS          2275.60   7.29     44.
  126.5    9
Pdiff        947.74   4.00     98.
PKPpre      1136.70   3.59     35.
PKPdf       1144.90   1.12   4347.
PP          1261.02   4.13    361.
SKPdf       1361.83   2.22     66.
SKKSac      1678.14   4.70     31.
Sdiff       1744.12   5.89     25.
SP          1863.88   6.94     54.
SS          2288.12   7.36     46.
  127.5    8
Pdiff        952.43   4.19     66.
PKPpre      1138.25   3.62     41.
PKPdf       1146.84   1.15   4268.
PP          1267.65   4.14    349.
SKPdf       1363.48   2.27     67.
SKKSac      1684.46   4.68     31.
SP          1872.38   7.17     51.
SS          2300.60   7.42     48.
  128.5    7
Pdiff        957.03   4.36     50.
PKPpre      1139.72   3.65     47.
PKPdf       1148.78   1.18   4188.
PP          1274.23   4.14    339.
SKPdf       1365.08   2.36     67.
SKKSac      1690.76   4.67     32.
SS          2313.03   7.48     49.
  129.5    7
Pdiff        961.38   4.45     80.
PKPpre      1141.15   3.68     57.
PKPdf       1150.72   1.21   4113.
PP          1280.79   4.14    330.
SKPdf       1366.66   2.47     67.
SKKSac      1697.03   4.66     32.
SS          2325.42   7.54     51.
  130.5    6
PKPpre      1142.58   3.67     71.
PKPdf       1152.66   1.23   4046.
PP          1287.30   4.14    323.
SKPdf       1368.22   2.62     67.
SKKSac      1703.28   4.65     33.
SS          2337.76   7.59     52.
  131.5    6
PKPpre      1144.05   3.63     89.
PKPdf       1154.59   1.24   3991.
PP          1293.78   4.14    316.
SKPdf       1369.76   2.78     67.
SKKSac      1709.49   4.65     34.
SS          2350.06   7.64     52.
  132.5    6
PKPpre      1145.63   3.55    112.
PKPdf       1156.51   1.25   3950.
PP          1300.22   4.14    310.
SKPdf       1371.30   2.95     66.
SKKSac      1715.69   4.66     35.
SS          2362.31   7.67     53.
  133.5    6
PKPpre      1147.35   3.41    138.
PKPdf       1158.43   1.26   3921.
PP          1306.63   4.14    305.
SKPdf       1372.85   3.13     66.
SKKSac      1721.85   4.67     36.
SS          2374.52   7.70     53.
  134.5    6
PKPpre      1149.23   3.22    164.
PKPdf       1160.34   1.26   3905.
PP          1313.00   4.14    301.
SKPdf       1374.40   3.31     65.
SKKSac      1727.98   4.68     38.
SS          2386.69   7.72     52.
  135.5    7
PKPpre      1151.31   2.98    188.
PKPdf       1162.24   1.26   3899.
PP          1319.33   4.13    298.
SKPdf       1375.98   3.48     64.
SKPab       1378.47   2.14    100.
SKKSac      1734.09   4.69     39.
SS          2398.81   7.73     51.
  136.5    7
PKPpre      1153.57   2.72    207.
PKPdf       1164.12   1.26   3903.
PP          1325.63   4.13    296.
SKPdf       1377.58   3.63     64.
SKPab       1382.87   2.43     90.
SKKSac      1740.16   4.71     40.
SS          2410.89   7.73     50.
  137.5    7
PKPpre      1156.01   2.43    218.
PKPdf       1165.99   1.25   3913.
PP          1331.89   4.12    295.
SKPdf       1379.20   3.77     63.
SKPab       1387.29   3.08     78.
SKKSac      1746.20   4.73     42.
SS          2422.92   7.72     49.
  138.5    7
PKPpre      1158.59   2.15    221.
PKPdf       1167.85   1.25   3926.
PP          1338.11   4.12    294.
SKPdf       1380.85   3.89     62.
SKPab       1391.55   3.71     68.
SKKSac      1752.21   4.75     44.
SS          2434.89   7.71     47.
  139.5    7
PKPpre      1161.26   1.88    213.
PKPdf       1169.69   1.24   3941.
PP          1344.30   4.11    294.
SKPdf       1382.54   3.98     60.
SKPab       1395.64   3.95     61.
SKKSac      1758.19   4.77     45.
SS          2446.81   7.68     45.
  140.5    8
PKPpre      1163.96   1.65    194.
PKPdf       1171.51   1.23   3954.
PP          1350.45   4.10    295.
SKPdf       1384.26   4.06     59.
SKPbc       1390.16   2.02    158.
SKPab       1399.89   4.16     56.
SKKSac      1764.14   4.79     47.
SS          2458.66   7.65     43.
  141.5    7
PKPpre      1166.63   1.46    167.
PKPdf       1173.32   1.22   3963.
PP          1356.56   4.09    296.
SKPdf       1386.00   4.13     58.
SKPbc       1392.68   2.10    156.
SKKSac      1770.05   4.82     49.
SS          2470.45   7.62     42.
  142.5    7
PKPpre      1169.19   1.33    134.
PKPdf       1175.10   1.21   3965.
PP          1362.63   4.08    298.
SKPdf       1387.77   4.18     57.
SKPbc       1395.11   2.07    151.
SKKSac      1775.92   4.84     51.
SS          2482.16   7.58     41.
  143.5    7
PKPpre      1171.57   1.27     99.
PKPdf       1176.86   1.20   3959.
PP          1368.67   4.07    299.
SKPdf       1389.56   4.23     56.
SKPbc       1397.63   2.23    142.
SKKSac      1781.76   4.86     52.
SS          2493.78   7.55     41.
  144.5    7
PKPpre      1173.71   1.26     65.
PKPdf       1178.59   1.19   3942.
PP          1374.68   4.06    301.
SKPdf       1391.37   4.28     55.
SKPbc       1399.81   2.40    123.
SKKSac      1787.56   4.88     54.
SS          2505.31   7.53     43.
  145.5    7
PKPpre      1175.61   1.29     38.
PKPdf       1180.30   1.19   3913.
PP          1380.64   4.05    303.
SKPdf       1393.18   4.35     54.
SKPbc       1401.69   2.45    101.
SKKSac      1793.33   4.90     56.
SS          2516.72   7.52     46.
  146.5    7
PKPpre      1177.26   1.35     20.
PKPdf       1181.98   1.19   3872.
PP          1386.57   4.04    305.
SKPdf       1394.98   4.44     53.
SKPbc       1403.74   2.44     86.
SKKSac      1799.05   4.92     57.
SS          2528.01   7.52     51.
  147.5    6
PKPpre      1178.76   1.41     12.
PKPdf       1183.63   1.18   3816.
PP          1392.47   4.02    307.
SKPdf       1396.78   4.56     52.
SKKSac      1804.74   4.93     59.
SS          2539.14   7.56     59.
  148.5    6
PKPpre      1180.25   1.42     12.
PKPdf       1185.25   1.19   3747.
PP          1398.33   4.01    308.
SKPdf       1398.55   4.74     51.
SKKSac      1810.39   4.94     60.
SS          2550.12   7.63     70.
  149.5    6
PKPpre      1181.99   1.34     11.
PKPdf       1186.83   1.19   3663.
SKPdf       1400.28   4.96     49.
PP          1404.15   4.00    309.
SKKSac      1816.00   4.95     61.
SS          2560.90   7.74     86.
  150.5    5
PKPdf       1188.38   1.20   3565.
PKPbc       1193.56   1.00   3436.
SKPdf       1401.98   5.24     48.
PP          1409.93   3.98    309.
SKKSac      1821.56   4.95     62.
  151.5    5
PKPdf       1189.88   1.20   3455.
PKPbc       1195.82   1.00   3436.
SKPdf       1403.62   5.59     45.
PP          1415.68   3.97    309.
SKKSac      1827.09   4.95     63.
  152.5    5
PKPdf       1191.35   1.21   3332.
PKPbc       1197.96   1.00   3436.
SKPdf       1405.19   6.00     43.
PP          1421.39   3.95    308.
SKKSac      1832.57   4.95     64.
  153.5    4
PKPdf       1192.78   1.23   3199.
SKPdf       1406.70   6.46     40.
PP          1427.07   3.93    306.
SKKSac      1838.01   4.94     64.
  154.5    4
PKPdf       1194.17   1.24   3056.
SKPdf       1408.14   6.95     36.
PP          1432.71   3.91    302.
SKKSac      1843.42   4.92     64.
  155.5    5
PKPdf       1195.51   1.25   2905.
PKPab       1221.22   1.22    822.
SKPdf       1409.51   7.46     32.
PP          1438.31   3.90    298.
SKKSac      1848.78   4.91     64.
  156.5    5
PKPdf       1196.81   1.27   2748.
PKPab       1225.47   1.23    842.
SKPdf       1410.82   7.92     28.
PP          1443.88   3.88    292.
SKKSac      1854.10   4.88     63.
  157.5    5
PKPdf       1198.07   1.28   2587.
PKPab       1229.76   1.22    861.
SKPdf       1412.07   8.30     24.
PP          1449.40   3.86    286.
SKKSac      1859.37   4.85     63.
  158.5    5
PKPdf       1199.28   1.29   2423.
PKPab       1234.08   1.21    864.
SKPdf       1413.28   8.52     20.
PP          1454.89   3.84    278.
SKKSac      1864.61   4.82     62.
  159.5    5
PKPdf       1200.44   1.31   2259.
PKPab       1238.43   1.21    849.
SKPdf       1414.49   8.49     18.
PP          1460.35   3.82    268.
SKKSac      1869.81   4.78     60.
  160.5    4
PKPdf       1201.55   1.32   2096.
PKPab       1242.78   1.23    813.
PP          1465.76   3.80    257.
SKKSac      1874.98   4.74     58.
 161.5     4
PKPdf       1202.62   1.33   1936.
PKPab       1247.14   1.25    760.
PP          1471.14   3.78    245.
SKKSac      1880.10   4.70     56.
  162.5    4
PKPdf       1203.64   1.34   1780.
PKPab       1251.50   1.28    694.
PP          1476.48   3.75    232.
SKKSac      1885.20   4.65     54.
  163.5    4
PKPdf       1204.61   1.35   1629.
PKPab       1255.85   1.30    619.
PP          1481.78   3.73    218.
SKKSac      1890.26   4.59     51.
  164.5    4
PKPdf       1205.53   1.35   1486.
PKPab       1260.21   1.32    540.
PP          1487.04   3.71    202.
SKKSac      1895.29   4.54     48.
  165.5    4
PKPdf       1206.39   1.35   1350.
PKPab       1264.57   1.32    461.
PP          1492.25   3.68    186.
SKKSac      1900.30   4.48     45.
  166.5    4
PKPdf       1207.21   1.35   1222.
PKPab       1268.93   1.33    385.
PP          1497.43   3.66    169.
SKKSac      1905.28   4.42     42.
  167.5    4
PKPdf       1207.96   1.35   1102.
PKPab       1273.31   1.33    314.
PP          1502.56   3.63    151.
SKKSac      1910.24   4.36     39.
  168.5    4
PKPdf       1208.67   1.35    990.
PKPab       1277.70   1.34    250.
PP          1507.65   3.60    134.
SKKSac      1915.18   4.29     35.
  169.5    4
PKPdf       1209.31   1.34    886.
PKPab       1282.11   1.35    195.
PP          1512.70   3.57    116.
SKKSac      1920.11   4.23     32.
  170.5    4
PKPdf       1209.89   1.34    789.
PKPab       1286.54   1.37    149.
PP          1517.69   3.54    100.
SKKSac      1925.03   4.17     29.
  171.5    4
PKPdf       1210.41   1.33    699.
PKPab       1291.00   1.41    113.
PP          1522.64   3.50     84.
SKKSac      1929.95   4.11     26.
  172.5    4
PKPdf       1210.87   1.33    613.
PKPab       1295.47   1.44     87.
PP          1527.53   3.47     70.
SKKSac      1934.87   4.05     24.
  173.5    4
PKPdf       1211.26   1.32    531.
PKPab       1299.97   1.47     71.
PP          1532.38   3.43     58.
SKKSac      1939.80   4.00     22.
  174.5    4
PKPdf       1211.57   1.32    452.
PKPab       1304.49   1.49     62.
PP          1537.18   3.38     49.
SKKSac      1944.75   3.95     20.
  175.5    4
PKPdf       1211.82   1.33    374.
PKPab       1309.02   1.50     59.
PP          1541.92   3.34     44.
SKKSac      1949.72   3.90     20.
  176.5    4
PKPdf       1211.99   1.34    295.
PKPab       1313.57   1.50     54.
PP          1546.56   3.29     44.
SKKSac      1954.72   3.86     21.
  177.5    3
PKPdf       1212.09   1.37    214.
PP          1551.15   3.23     48.
SKKSac      1959.76   3.83     23.
  178.5    2
PKPdf       1212.11   1.40    132.
PP          1555.69   3.18     60.
  179.5    2
PKPdf       1212.04   1.44     47.
PP          1560.19   3.11     79.
