-28.343 135.891 8.435 0.898 0.384
-28.892 136.745 10.335 1.399 0.235
-28.629 136.327 9.952 0.954 0.263
-28.274 135.984 10.651 0.356 0.097
-29.213 137.326 10.869 1.681 0.608
-30.327 137.127 12.972 1.657 0.236
-30.526 136.957 9.999 1.326 0.209
-28.589 136.245 9.391 0.857 0.257
-26.174 135.167 10.060 0.5 0.257
-27.446 135.345 10.859 1.004 0.060
-28.595 136.008 10.307 1.624 0.292
-27.407 135.439 10.168 2.89 0.683
-27.525 135.444 10.784 1.168 0.110
-27.569 135.354 9.858 1.533 0.148
-27.606 135.434 10.084 1.275 0.151
-27.430 135.246 9.724 1.863 0.123
-27.414 135.278 10.484 2.013 0.273
-28.831 137.125 5.949 2.834 0.353
-28.235 135.745 9.989 0.991 0.259
-27.495 135.355 9.184 0.879 0.208
-26.198 135.789 9.567 1.969 0.264
-28.106 135.774 8.805 1.153 0.146
-28.333 136.589 10.155 0.692 0.166
-28.532 136.059 10.172 1.013 0.189
-28.319 135.962 8.715 0.547 0.169
-28.576 136.155 10.439 0.907 0.117
-25.664 137.076 6.350 3.678 0.499
-29.144 137.016 10.103 1.385 0.174
-28.673 136.318 10.421 0.487 0.169
-28.107 135.885 9.926 1.021 0.226
-28.227 135.887 9.674 1.212 0.307
-28.131 135.738 10.766 0.482 0.226
-25.783 137.418 10.759 1.095 0.176
-27.850 135.686 10.110 1.01 0.224
-28.387 136.035 9.924 0.437 0.212
-30.423 136.942 10.535 2.091 0.503
-30.549 136.934 9.415 1.776 0.214
-29.180 137.048 9.584 1.242 0.226
-28.523 136.063 8.768 0.437 0.190
-27.882 135.704 10.934 3.222 0.418
-28.252 135.832 9.967 0.933 0.191
-28.368 136.022 10.472 0.491 0.164
-27.789 135.445 8.543 0.881 0.269
-28.245 135.919 9.925 0.656 0.132
-28.101 135.842 9.931 1.641 0.224
-27.568 136.662 9.934 1.372 0.228
-28.124 135.787 9.404 0.356 0.226
-31.001 137.209 11.444 1.692 0.078
-28.488 136.007 10.707 0.025 0.067
-29.112 134.792 8.402 1.406 0.261
-28.827 136.421 10.055 0.981 0.157
-27.948 135.815 9.973 0.843 0.345
-28.686 136.269 10.135 0.585 0.149
-27.333 134.861 9.361 1.239 0.147
-28.712 136.261 9.821 0.904 0.212
-27.890 136.460 9.824 0.568 0.093
-28.705 136.251 9.564 0.733 0.143
-26.789 135.244 9.672 1.158 0.223
-28.648 136.256 10.156 0.1 0.145
-28.100 135.703 8.873 1.844 0.259
-28.748 135.702 10.450 2.455 0.270
-28.893 136.447 10.461 0.479 0.171
-28.371 135.909 10.110 0.702 0.188
-28.227 135.803 9.809 1.329 0.179
-28.443 136.306 10.268 0.353 0.185
-29.663 137.553 9.178 0.802 0.203
-28.135 135.867 9.816 0.006 0.141
-28.695 136.310 9.626 1.998 0.205
-27.523 135.294 9.827 0.727 0.190
-29.501 137.506 9.396 0.959 0.272
-29.027 136.791 10.184 0.361 0.102
-28.540 138.375 10.262 1.309 0.310
-27.980 135.693 9.908 0.207 0.141
-30.008 138.308 9.008 3.064 0.256
-28.571 136.198 9.919 0.391 0.095
-28.390 136.021 10.075 0.698 0.294
-29.204 137.544 10.508 1.363 0.251
-29.663 137.766 10.200 1.3 0.335
-27.383 135.118 10.811 1.153 0.217
-28.505 136.302 10.835 1.214 0.203
-28.768 136.286 9.925 1.107 0.186
-28.930 136.841 10.487 0.42 0.153
-30.394 137.061 6.459 1.726 0.356
-25.869 137.518 9.728 1.273 0.162
-27.705 135.490 10.144 0.522 0.156
-29.038 136.707 9.751 0.971 0.298
-27.599 135.389 9.595 1.113 0.190
-28.226 135.941 9.917 1.828 0.441
-28.933 136.508 9.954 0.639 0.350
-28.718 136.287 10.237 0.517 0.130
-28.243 136.442 5.166 1.973 0.237
-30.618 137.001 9.443 1.744 0.312
-28.237 135.753 10.183 0.489 0.186
-28.407 136.471 9.578 0.293 0.098
-28.684 136.263 10.636 0.551 0.284
-27.035 135.450 8.694 0.54 0.361
-29.539 137.664 10.381 0.665 0.116
-28.084 135.897 9.886 1.367 0.260
-29.509 137.621 10.481 1.244 0.415
-28.224 135.884 9.580 -0.17 0.122
-28.489 136.468 9.749 1.779 0.353
-27.613 135.493 9.590 0.836 0.192
-29.752 138.037 6.940 1.653 0.229
-27.904 135.643 7.739 0.551 0.242
-29.705 137.679 10.248 1.418 0.209
-27.944 137.821 9.772 1.791 0.341
-28.536 136.052 10.241 0.707 0.229
-27.959 135.713 10.125 0.747 0.243
-28.414 136.051 10.504 1.873 0.252
-28.286 135.944 5.844 0.622 0.127
-27.423 134.821 7.873 1.055 0.251
-27.398 134.885 9.653 1.191 0.299
-28.565 136.493 10.075 0.322 0.113
-28.642 136.219 9.642 0.502 0.145
-28.820 136.428 10.613 0.226 0.216
-28.595 136.302 10.175 0.492 0.141
-30.032 137.912 9.530 1.388 0.190
-28.855 135.639 9.115 1.725 0.161
-28.103 136.048 10.308 0.307 0.165
-27.281 135.231 9.794 0.682 0.178
-28.189 135.911 9.366 0.549 0.098
-28.934 136.688 9.550 0.341 0.283
-27.092 135.442 8.909 0.848 0.257
-28.107 135.766 10.116 0.333 0.174
-26.511 137.318 7.342 2.542 0.578
-27.322 135.278 8.414 0.606 0.179
-28.499 136.193 9.897 2.675 0.389
-28.502 136.209 10.320 2.113 0.195
-28.547 136.122 9.636 1.16 0.221
-28.565 136.338 10.316 0.374 0.238
-28.562 136.038 10.175 1.194 0.189
-27.912 135.700 9.788 0.041 0.110
-28.255 135.909 10.153 0.242 0.149
-27.601 135.393 9.781 0.668 0.229
-28.042 135.865 9.687 0.198 0.213
-28.571 136.593 9.771 1.188 0.202
-28.344 135.868 9.468 0.484 0.109
-28.501 135.292 9.469 1.389 0.209
-27.476 135.365 9.815 0.558 0.272