
 REGION:  EVENT Kara SEA 1997 AUG 16                     
 DATA:   REB 
 DATE:
  Year      1997
  Month     VIII
  Day       16
  Hour       2
  Minute    10
  Second     59.900  Error    0.510
 LOCATION:
  Latitude   72.648  Error   10.000
  Longitude  57.352  Error    5.700
  Depth       0.000  Error    0.000
 EVENTS read:
        CODE PHASE      HOUR MIN  SEC    ERROR
    1   APA0 Pn          2   13   18.00  2.00
    2   APA0 Sn          2   15    0.00  2.00
    3   FINE Pn          2   14   46.30  1.00
    4   HFS  P           2   15   42.50  0.50
    5   JOF  Pn          2   14    9.90  1.00
    6   JOF  Sn          2   16   29.10  2.00
    7   KAF  Pn          2   14   39.40  1.00
    8   KBS  Pn          2   13   57.50  1.00
    9   KBS  Sn          2   16    8.10  2.00
   10   KEF  Pn          2   14   42.80  1.00
   11   KEV  Pn          2   13   25.20  0.50
   12   KEV  S           2   15    7.90  1.00
   13   KJN  Pn          2   14   12.70  1.00
   14   NORE P           2   15   44.20  0.50
   15   NRI  Pn          2   13   31.40  1.00
   16   NRI  Sn          2   15   19.10  2.00
   17   NUR  Pn          2   15    2.30  1.00
   18   PKK  Pn          2   15    7.10  1.00
   19   SDF  Pn          2   13   45.20  1.00
   20   SDF  Sn          2   15   44.70  1.00
   21   SPIT Pn          2   13   44.30  0.50
   22   SPIT Sn          2   15   44.80  2.00
   23   SUF  Pn          2   14   34.30  1.00
   24   VAF  Pn          2   14   41.40  1.00
   25   HFS  P              24.000           15.000
   26   NORE P              38.000           15.000
   27   SPIT Pn            106.000           15.000
   28   SPIT Sn            100.000           15.000
 num evt =           28
 numtim,numazi,numslo:          24           4           0
 ACCURACY REQUIRED IN SOLUTION:
  Latitude     0.250
  Longitude    0.250
  Depth       10.000
  Time         0.500
 STATIONS read:
        CODE LAT        LONG       ELEV   WEIGHT
    1   PFO    33.60917 -116.45528  1.280 1.000
    2   ELK    40.74483 -115.23878  2.210 1.000
    3   NEW    48.26333 -117.12000  0.760 1.000
    4   ULM    50.24967  -95.87500  0.281 1.000
    5   TKL    35.65806  -83.77417  0.350 1.000
    6   YKA    62.49322 -114.60528  0.197 1.000
    7   FRB    63.74667  -68.54667  0.018 1.000
    8   HIA    49.26669  119.74169  0.610 1.000
    9   MAW   -67.60389   62.87055  0.012 1.000
   10   WRA   -19.94431  134.34088  0.366 1.000
   11   CTA   -20.08833  146.25444  0.357 1.000
   12   INK    68.30667 -133.51999  0.040 1.000
   13   HFS    60.13417   13.69556  0.265 1.000
   14   EKA    55.33320   -3.15880  0.353 1.000
   15   BBB    52.18470 -128.11331  0.014 1.000
   16   ARU    56.40000   58.60000  0.250 1.000
   17   OBN    55.16667   36.60000  0.000 1.000
   18   ILAR   64.77140 -146.88660  0.419 1.000
   19   SCHQ   54.83190  -66.83360  0.501 1.000
   20   LPAZ  -16.28790  -68.13070  4.774 1.000
   21   FINE   61.44360   26.07710  0.150 1.000
   22   MJAR   36.54270  138.20700  0.406 1.000
   23   KSAR   37.44210  127.88440  0.109 1.000
   24   CMAR   18.45750   98.94290  0.307 1.000
   25   BOSA  -28.61370   25.25590  1.280 1.000
   26   JCJ    27.10000  142.17999  0.150 1.000
   27   JNU    33.12000  130.88000  0.540 1.000
   28   JHJ    33.12000  139.82001  0.000 1.000
   29   STKA  -31.87690  141.59520  0.230 1.000
   30   BRAR   39.85350   32.76080  1.243 1.000
   31   TXAR   29.33380 -103.66700  1.013 1.000
   32   SPIT   78.17770   16.37000  0.323 1.000
   33   CTA   -20.08820  146.25450  0.357 1.000
   34   FITZ  -18.10300  125.64300  0.110 1.000
   35   HNR    -9.43220  159.94710  0.072 1.000
   36   NVAR   38.42950 -118.30370  0.000 1.000
   37   PDAR   42.76670 -109.55830  2.224 1.000
   38   ARCE   69.53490   25.50580  0.403 1.000
   39   NORE   60.73530   11.54140  0.302 1.000
   40   NOA    61.03970   11.21480  0.000 1.000
   41   PDY    59.63330  112.70030  0.300 1.000
   42   PLCA  -40.73060  -70.55000  0.950 1.000
   43   ESDC   39.67550   -3.96170  0.753 1.000
   44   GERE   48.84510   13.70160  1.132 1.000
   45   ZAL    53.93670   84.79810  0.000 1.000
   46   ASAR  -23.66640  133.90440  0.607 1.000
   47   JOW    26.83000  128.28999  0.000 1.000
   48   JKA    44.11600  142.60001  0.000 1.000
   49   KVAR   43.95570   42.69520  1.196 1.000
   50   BGCA    5.17610   18.42420  0.576 1.000
   51   DBIC    6.67010   -4.85630  0.025 1.000
   52   DLBC   58.43720 -130.02721  0.978 1.000
   53   LBTB  -25.01510   25.59670  0.000 1.000
   54   BDFB  -15.64400  -48.01410  1.095 1.000
   55   CPUP  -26.33060   57.32920  0.005 1.000
   56   VRAC   49.30830   16.59350  0.475 1.000
   57   DAVO   46.83940    9.79430  0.000 1.000
   58   BRAR   39.85350   32.66080  0.000 1.000
   59   CMAR   18.45750   98.94290  0.307 1.000
   60   EIL    29.66990   34.95120  0.000 1.000
   61   BJT    40.01830  116.16790  0.197 1.000
   62   NIL    33.65000   73.25120  0.000 1.000
   63   APA0   67.60610   32.99310  0.200 1.000
   64   NRI    69.00610   87.99640  0.498 1.000
   65   KBS    78.91750   11.92389  0.046 1.000
   66   KEV    69.75528   27.00667  0.080 1.000
   67   KJN    64.08528   27.71194  0.250 1.000
   68   NUR    60.50900   24.65142  0.102 1.000
   69   PKK    60.00520   24.51694  0.010 1.000
   70   JOF    62.91819   31.31236  0.180 1.000
   71   KAF    62.11278   26.30611  0.205 1.000
   72   KEF    62.16722   24.87028  0.215 1.000
   73   SDF    67.42031   26.39361  0.277 1.000
   74   SUF    62.71917   26.15055  0.185 1.000
   75   VAF    62.04219   22.67150  0.055 1.000
 APA0
 APA0
 FINE
 HFS 
 JOF 
 JOF 
 KAF 
 KBS 
 KBS 
 KEF 
 KEV 
 KEV 
 KJN 
 NORE
 NRI 
 NRI 
 NUR 
 PKK 
 SDF 
 SDF 
 SPIT
 SPIT
 SUF 
 VAF 
 HFS 
 NORE
 SPIT
 SPIT
 Event indices
    1  63
    2  63
    3  21
    4  13
    5  70
    6  70
    7  71
    8  65
    9  65
   10  72
   11  66
   12  66
   13  67
   14  39
   15  64
   16  64
   17  68
   18  69
   19  73
   20  73
   21  32
   22  32
   23  74
   24  75
   25  13
   26  39
   27  32
   28  32
           1   10.0000000    
           2   10.0000000    
           3   5.00000000    
           4   2.50000000    
           5   5.00000000    
           6   10.0000000    
           7   5.00000000    
           8   5.00000000    
           9   10.0000000    
          10   5.00000000    
          11   2.50000000    
          12   5.00000000    
          13   5.00000000    
          14   2.50000000    
          15   5.00000000    
          16   10.0000000    
          17   5.00000000    
          18   5.00000000    
          19   5.00000000    
          20   5.00000000    
          21   2.50000000    
          22   10.0000000    
          23   5.00000000    
          24   5.00000000    
          25   15.0000000    
          26   15.0000000    
          27   15.0000000    
          28   15.0000000    
 sigma values
   10.0000000       10.0000000       5.00000000       2.50000000       5.00000000       10.0000000       5.00000000       5.00000000       10.0000000       5.00000000       2.50000000       5.00000000       5.00000000       2.50000000       5.00000000       10.0000000       5.00000000       5.00000000       5.00000000       5.00000000       2.50000000       10.0000000       5.00000000       5.00000000    
   15.0000000       15.0000000       15.0000000       15.0000000    

           1           2   Pn      
           2           2   Sn      
           3           2   Pn      
           4  fast P
           5           2   Pn      
           6           2   Sn      
           7           2   Pn      
           8           2   Pn      
           9           2   Sn      
          10           2   Pn      
          11           2   Pn      
          12           1   S       
          13           2   Pn      
          14  fast P
          15           2   Pn      
          16           2   Sn      
          17           2   Pn      
          18           2   Pn      
          19           2   Pn      
          20           2   Sn      
          21           2   Pn      
          22           2   Sn      
          23           2   Pn      
          24           2   Pn      
          25  fast P
          26  fast P
          27           2   Pn      
          28           2   Sn      
           1           2   Pn      
           2           2   Sn      
           3           2   Pn      
           4  fast P
           5           2   Pn      
           6           2   Sn      
           7           2   Pn      
           8           2   Pn      
           9           2   Sn      
          10           2   Pn      
          11           2   Pn      
          12           1   S       
          13           2   Pn      
          14  fast P
          15           2   Pn      
          16           2   Sn      
          17           2   Pn      
          18           2   Pn      
          19           2   Pn      
          20           2   Sn      
          21           2   Pn      
          22           2   Sn      
          23           2   Pn      
          24           2   Pn      
          25  fast P
          26  fast P
          27           2   Pn      
          28           2   Sn      
